tof posE posN posU tgtE tgtN tgtU alpha beta lethality
0.0100000000 0.0046984631 0.0017101007 0.0086602540 3000.0000000000 0.0000000000 3000.0000000000 0.0305031897 0.0000000000 FLYING
0.0200000000 0.0126483587 0.0046036261 0.0223328513 3000.0000000000 0.0000000000 3000.0000000000 0.0177226063 0.0000000000 FLYING
0.0300000000 0.0274563252 0.0099932851 0.0468195467 3000.0000000000 0.0000000000 3000.0000000000 0.0108005672 0.0000000000 FLYING
0.0400000000 0.0528662509 0.0192417417 0.0878569950 3000.0000000000 0.0000000000 3000.0000000000 0.0070857632 -0.0000000000 FLYING
0.0500000000 0.0926779577 0.0337320180 0.1511724774 3000.0000000000 0.0000000000 3000.0000000000 0.0066272350 0.0000000000 FLYING
0.0600000000 0.1361511206 0.0495549552 0.2193293945 3000.0000000000 0.0000000000 3000.0000000000 0.0047277377 0.0000000000 FLYING
0.0700000000 0.1981277850 0.0721126163 0.3155142113 3000.0000000000 0.0000000000 3000.0000000000 0.0036797183 0.0000000000 FLYING
0.0800000000 0.2788284982 0.1014852738 0.4397750109 3000.0000000000 0.0000000000 3000.0000000000 0.0030143953 -0.0000000000 FLYING
0.0900000000 0.3784462735 0.1377431788 0.5921795117 3000.0000000000 0.0000000000 3000.0000000000 0.0025545460 0.0000000000 FLYING
0.1000000000 0.4971568865 0.1809503085 0.7728079327 3000.0000000000 0.0000000000 3000.0000000000 0.0022178250 0.0000000000 FLYING
0.1100000000 0.6351243771 0.2311663683 0.9817491511 3000.0000000000 0.0000000000 3000.0000000000 0.0019607409 -0.0000000000 FLYING
0.1200000000 0.7925043308 0.2884479869 1.2190983952 3000.0000000000 0.0000000000 3000.0000000000 0.0017581469 -0.0000000000 FLYING
0.1300000000 0.9694459939 0.3528494855 1.4849557496 3000.0000000000 0.0000000000 3000.0000000000 0.0015944861 -0.0000000000 FLYING
0.1400000000 1.1660937143 0.4244234024 1.7794251318 3000.0000000000 0.0000000000 3000.0000000000 0.0014596153 -0.0000000000 FLYING
0.1500000000 1.3825879675 0.5032208664 2.1026135594 3000.0000000000 0.0000000000 3000.0000000000 0.0013466371 0.0000000000 FLYING
0.1600000000 1.6190661135 0.5892918726 2.4546306083 3000.0000000000 0.0000000000 3000.0000000000 0.0012506970 0.0000000000 FLYING
0.1700000000 1.8756629696 0.6826854905 2.8355880002 3000.0000000000 0.0000000000 3000.0000000000 0.0011682788 0.0000000000 FLYING
0.1800000000 2.1525112559 0.7834500261 3.2455992807 3000.0000000000 0.0000000000 3000.0000000000 0.0010967725 -0.0000000000 FLYING
0.1900000000 2.4497419472 0.8916331504 3.6847795645 3000.0000000000 0.0000000000 3000.0000000000 0.0010342002 -0.0000000000 FLYING
0.2000000000 2.7674845568 1.0072820025 4.1532453284 3000.0000000000 0.0000000000 3000.0000000000 0.0009790354 -0.0000000000 FLYING
0.2100000000 3.1058673679 1.1304432735 4.6511142418 3000.0000000000 0.0000000000 3000.0000000000 0.0009300812 -0.0000000000 FLYING
0.2200000000 3.4650176258 1.2611632770 5.1785050267 3000.0000000000 0.0000000000 3000.0000000000 0.0008863855 -0.0000000000 FLYING
0.2300000000 3.8450616977 1.3994880069 5.7355373386 3000.0000000000 0.0000000000 3000.0000000000 0.0008471819 -0.0000000000 FLYING
0.2400000000 4.2461252091 1.5454631871 6.3223316666 3000.0000000000 0.0000000000 3000.0000000000 0.0008118461 0.0000000000 FLYING
0.2500000000 4.6683331590 1.6991343135 6.9390092469 3000.0000000000 0.0000000000 3000.0000000000 0.0007798646 0.0000000000 FLYING
0.2600000000 5.1118100199 1.8605466905 7.5856919888 3000.0000000000 0.0000000000 3000.0000000000 0.0007508112 0.0000000000 FLYING
0.2700000000 5.5766798238 2.0297454619 8.2625024094 3000.0000000000 0.0000000000 3000.0000000000 0.0007243335 0.0000000000 FLYING
0.2800000000 6.0630631037 2.2067744982 8.9695590141 3000.0000000000 0.0000000000 3000.0000000000 0.0007001671 0.0000000000 FLYING
0.2900000000 6.5710518540 2.3916672827 9.7069397729 3000.0000000000 0.0000000000 3000.0000000000 0.0006780401 -0.0000000000 FLYING
0.3000000000 7.1007377661 2.5844571882 10.4747231662 3000.0000000000 0.0000000000 3000.0000000000 0.0006577268 -0.0000000000 FLYING
0.3100000000 7.6522122846 2.7851774979 11.2729881442 3000.0000000000 0.0000000000 3000.0000000000 0.0006390337 -0.0000000000 FLYING
0.3200000000 8.2255666555 2.9938614226 12.1018140896 3000.0000000000 0.0000000000 3000.0000000000 0.0006217939 -0.0000000000 FLYING
0.3300000000 8.8208919713 3.2105421172 12.9612807850 3000.0000000000 0.0000000000 3000.0000000000 0.0006058628 -0.0000000000 FLYING
0.3400000000 9.4382792094 3.4352526949 13.8514683827 3000.0000000000 0.0000000000 3000.0000000000 0.0005911141 -0.0000000000 FLYING
0.3500000000 10.0778192688 3.6680262402 14.7724573779 3000.0000000000 0.0000000000 3000.0000000000 0.0005774375 -0.0000000000 FLYING
0.3600000000 10.7396030014 3.9088958203 15.7243285842 3000.0000000000 0.0000000000 3000.0000000000 0.0005647358 -0.0000000000 FLYING
0.3700000000 11.4237212419 4.1578944966 16.7071631117 3000.0000000000 0.0000000000 3000.0000000000 0.0005529234 -0.0000000000 FLYING
0.3800000000 12.1302648342 4.4150553334 17.7210423461 3000.0000000000 0.0000000000 3000.0000000000 0.0005419243 -0.0000000000 FLYING
0.3900000000 12.8593246558 4.6804114075 18.7660479301 3000.0000000000 0.0000000000 3000.0000000000 0.0005316709 -0.0000000000 FLYING
0.4000000000 13.6109916403 4.9539958159 19.8422617466 3000.0000000000 0.0000000000 3000.0000000000 0.0005221030 -0.0000000000 FLYING
0.4100000000 14.3853567976 5.2358416836 20.9497659022 3000.0000000000 0.0000000000 3000.0000000000 0.0005131666 -0.0000000000 FLYING
0.4200000000 15.1825112334 5.5259821704 22.0886427128 3000.0000000000 0.0000000000 3000.0000000000 0.0005048132 -0.0000000000 FLYING
0.4300000000 16.0025461661 5.8244504769 23.2589746902 3000.0000000000 0.0000000000 3000.0000000000 0.0004969994 -0.0000000000 FLYING
0.4400000000 16.8455529433 6.1312798511 24.4608445286 3000.0000000000 0.0000000000 3000.0000000000 0.0004896856 -0.0000000001 FLYING
0.4500000000 17.7116230570 6.4465035931 25.6943350935 3000.0000000000 0.0000000000 3000.0000000000 0.0004828362 -0.0000000002 FLYING
0.4600000000 18.6008481574 6.7701550608 26.9595294100 3000.0000000000 0.0000000000 3000.0000000000 0.0004764189 -0.0000000008 FLYING
0.4700000000 19.5133200663 7.1022676734 28.2565106527 3000.0000000000 0.0000000000 3000.0000000000 0.0004704042 -0.0000000032 FLYING
0.4800000000 20.4491307899 7.4428749141 29.5853621359 3000.0000000000 0.0000000000 3000.0000000000 0.0004647654 -0.0000000139 FLYING
0.4900000000 21.4083725344 7.7920103237 30.9461673040 3000.0000000000 0.0000000000 3000.0000000000 0.0004594779 -0.0000000620 FLYING
0.5000000000 22.3911377342 8.1497074551 32.3390097232 3000.0000000000 0.0000000000 3000.0000000000 0.0004545194 -0.0000002874 FLYING
0.5100000000 23.3975191495 8.5159996373 33.7639730729 3000.0000000000 0.0000000000 3000.0000000000 0.0004498694 -0.0000013809 FLYING
0.5200000000 24.4276103169 8.8909187674 35.2211411379 3000.0000000000 0.0000000000 3000.0000000000 0.0004455093 -0.0000068726 FLYING
0.5300000000 25.4815078587 9.2744889945 36.7105978006 3000.0000000000 0.0000000000 3000.0000000000 0.0004414239 -0.0000353771 FLYING
0.5400000000 26.5593238758 9.6666927040 38.2324270313 3000.0000000000 0.0000000000 3000.0000000000 0.0004376106 -0.0001866579 FLYING
0.5500000000 27.6612474982 10.0672821485 39.7867041254 3000.0000000000 0.0000000000 3000.0000000000 0.0004341159 -0.0003199016 FLYING
0.5600000000 28.7874374119 10.4760165009 41.3734693562 3000.0000000000 0.0000000000 3000.0000000000 0.0004309069 -0.0003260247 FLYING
0.5700000000 29.9379698816 10.8928816711 42.9927629239 3000.0000000000 0.0000000000 3000.0000000000 0.0004279355 -0.0003327553 FLYING
0.5800000000 31.1129220194 11.3178616274 44.6446249508 3000.0000000000 0.0000000000 3000.0000000000 0.0004251741 -0.0003394803 FLYING
0.5900000000 32.3123692106 11.7509387320 46.3290924748 3000.0000000000 0.0000000000 3000.0000000000 0.0004226137 -0.0003462033 FLYING
0.6000000000 33.5363861665 12.1920941153 48.0462009133 3000.0000000000 0.0000000000 3000.0000000000 0.0004202455 -0.0003529249 FLYING
0.6100000000 34.7850477775 12.6413079804 49.7959852450 3000.0000000000 0.0000000000 3000.0000000000 0.0004180595 -0.0003596447 FLYING
0.6200000000 36.0584291076 13.0985595999 51.5784799912 3000.0000000000 0.0000000000 3000.0000000000 0.0004160465 -0.0003663625 FLYING
0.6300000000 37.3566053875 13.5638273109 53.3937191955 3000.0000000000 0.0000000000 3000.0000000000 0.0004141980 -0.0003730779 FLYING
0.6400000000 38.6796520077 14.0370885113 55.2417364048 3000.0000000000 0.0000000000 3000.0000000000 0.0004125060 -0.0003797905 FLYING
0.6500000000 40.0276445117 14.5183196558 57.1225646496 3000.0000000000 0.0000000000 3000.0000000000 0.0004109632 -0.0003865000 FLYING
0.6600000000 41.4006585873 15.0074962512 59.0362364243 3000.0000000000 0.0000000000 3000.0000000000 0.0004095624 -0.0003932060 FLYING
0.6700000000 42.7987700591 15.5045928526 60.9827836679 3000.0000000000 0.0000000000 3000.0000000000 0.0004082973 -0.0003999081 FLYING
0.6800000000 44.2220548789 16.0095830588 62.9622377444 3000.0000000000 0.0000000000 3000.0000000000 0.0004071618 -0.0004066060 FLYING
0.6900000000 45.6705891171 16.5224395083 64.9746294231 3000.0000000000 0.0000000000 3000.0000000000 0.0004061501 -0.0004132994 FLYING
0.7000000000 47.1444489528 17.0431338751 67.0199888591 3000.0000000000 0.0000000000 3000.0000000000 0.0004052569 -0.0004199878 FLYING
0.7100000000 48.6437106638 17.5716368643 69.0983455736 3000.0000000000 0.0000000000 3000.0000000000 0.0004044771 -0.0004266708 FLYING
0.7200000000 50.1684506162 18.1079182080 71.2097284341 3000.0000000000 0.0000000000 3000.0000000000 0.0004038061 -0.0004333482 FLYING
0.7300000000 51.7187452534 18.6519466612 73.3541656350 3000.0000000000 0.0000000000 3000.0000000000 0.0004032393 -0.0004400195 FLYING
0.7400000000 53.2946710850 19.2036899977 75.5316846771 3000.0000000000 0.0000000000 3000.0000000000 0.0004027726 -0.0004466842 FLYING
0.7500000000 54.8963046752 19.7631150059 77.7423123484 3000.0000000000 0.0000000000 3000.0000000000 0.0004024020 -0.0004533422 FLYING
0.7600000000 56.5237226305 20.3301874848 79.9860747039 3000.0000000000 0.0000000000 3000.0000000000 0.0004021237 -0.0004599928 FLYING
0.7700000000 58.1770015878 20.9048722402 82.2629970457 3000.0000000000 0.0000000000 3000.0000000000 0.0004019343 -0.0004666358 FLYING
0.7800000000 59.8562182012 21.4871330806 84.5731039026 3000.0000000000 0.0000000000 3000.0000000000 0.0004018264 -0.0004732663 FLYING
0.7900000000 61.5614461007 22.0769317801 86.9164148735 3000.0000000000 0.0000000000 3000.0000000000 0.0004017971 -0.0004798829 FLYING
0.8000000000 63.2927557903 22.6742280583 89.2929445061 3000.0000000000 0.0000000000 3000.0000000000 0.0004018468 -0.0004864884 FLYING
0.8100000000 65.0502173540 23.2789805148 91.7027060044 3000.0000000000 0.0000000000 3000.0000000000 0.0004019745 -0.0004930846 FLYING
0.8200000000 66.8338927107 23.8911439674 94.1457006108 3000.0000000000 0.0000000000 3000.0000000000 0.0004021798 -0.0004996720 FLYING
0.8300000000 68.6438252080 24.5106659189 96.6219034037 3000.0000000000 0.0000000000 3000.0000000000 0.0004024553 -0.0005062393 FLYING
0.8400000000 70.4800575594 25.1374927869 99.1312879637 3000.0000000000 0.0000000000 3000.0000000000 0.0004027982 -0.0005127862 FLYING
0.8500000000 72.3426318192 25.7715699040 101.6738263459 3000.0000000000 0.0000000000 3000.0000000000 0.0004032059 -0.0005193122 FLYING
0.8600000000 74.2315893577 26.4128415172 104.2494890525 3000.0000000000 0.0000000000 3000.0000000000 0.0004036482 -0.0005257821 FLYING
0.8700000000 76.1469707355 27.0612508752 106.8582450697 3000.0000000000 0.0000000000 3000.0000000000 0.0004041297 -0.0005322031 FLYING
0.8800000000 78.0888156973 27.7167402148 109.5000618280 3000.0000000000 0.0000000000 3000.0000000000 0.0004046676 -0.0005385987 FLYING
0.8900000000 80.0571632140 28.3792507041 112.1749051319 3000.0000000000 0.0000000000 3000.0000000000 0.0004052598 -0.0005449680 FLYING
0.9000000000 82.0520514557 29.0487224440 114.8827391343 3000.0000000000 0.0000000000 3000.0000000000 0.0004059040 -0.0005513106 FLYING
0.9100000000 84.0735177648 29.7250944712 117.6235263105 3000.0000000000 0.0000000000 3000.0000000000 0.0004065984 -0.0005576258 FLYING
0.9200000000 86.1215986299 30.4083047603 120.3972274329 3000.0000000000 0.0000000000 3000.0000000000 0.0004073410 -0.0005639131 FLYING
0.9300000000 88.1963296583 31.0982902262 123.2038015458 3000.0000000000 0.0000000000 3000.0000000000 0.0004081301 -0.0005701718 FLYING
0.9400000000 90.2977455497 31.7949867279 126.0432059402 3000.0000000000 0.0000000000 3000.0000000000 0.0004090241 -0.0005764825 FLYING
0.9500000000 92.4258942232 32.4983334378 128.9154147510 3000.0000000000 0.0000000000 3000.0000000000 0.0004099973 -0.0005828169 FLYING
0.9600000000 94.5808315716 33.2082711604 131.8204119760 3000.0000000000 0.0000000000 3000.0000000000 0.0004110155 -0.0005891325 FLYING
0.9700000000 96.7626136920 33.9247399106 134.7581812229 3000.0000000000 0.0000000000 3000.0000000000 0.0004120777 -0.0005954295 FLYING
0.9800000000 98.9712968857 34.6476789153 137.7287057081 3000.0000000000 0.0000000000 3000.0000000000 0.0004131827 -0.0006017075 FLYING
0.9900000000 101.2069376561 35.3770266162 140.7319682559 3000.0000000000 0.0000000000 3000.0000000000 0.0004143291 -0.0006079664 FLYING
1.0000000000 103.4695927070 36.1127206727 143.7679512988 3000.0000000000 0.0000000000 3000.0000000000 0.0004155159 -0.0006142059 FLYING
1.0100000000 105.7593189404 36.8546979651 146.8366368766 3000.0000000000 0.0000000000 3000.0000000000 0.0004167420 -0.0006204258 FLYING
1.0200000000 108.0761734542 37.6028945973 149.9380066369 3000.0000000000 0.0000000000 3000.0000000000 0.0004180061 -0.0006266258 FLYING
1.0300000000 110.4202135407 38.3572459004 153.0720418344 3000.0000000000 0.0000000000 3000.0000000000 0.0004193074 -0.0006328056 FLYING
1.0400000000 112.7914966836 39.1176864354 156.2387233310 3000.0000000000 0.0000000000 3000.0000000000 0.0004206447 -0.0006389650 FLYING
1.0500000000 115.1900805562 39.8841499964 159.4380315958 3000.0000000000 0.0000000000 3000.0000000000 0.0004220172 -0.0006451037 FLYING
1.0600000000 117.6160230191 40.6565696142 162.6699467050 3000.0000000000 0.0000000000 3000.0000000000 0.0004234372 -0.0006512386 FLYING
1.0700000000 120.0693823316 41.4348775525 165.9344485082 3000.0000000000 0.0000000000 3000.0000000000 0.0004248963 -0.0006573597 FLYING
1.0800000000 122.5502170325 42.2190053135 169.2315165365 3000.0000000000 0.0000000000 3000.0000000000 0.0004263882 -0.0006634601 FLYING
1.0900000000 125.0585853878 43.0088834955 172.5611293172 3000.0000000000 0.0000000000 3000.0000000000 0.0004279121 -0.0006695393 FLYING
1.1000000000 127.5945451506 43.8044417252 175.9232640630 3000.0000000000 0.0000000000 3000.0000000000 0.0004294673 -0.0006755973 FLYING
1.1100000000 130.1581542585 44.6056088819 179.3178976017 3000.0000000000 0.0000000000 3000.0000000000 0.0004310532 -0.0006816339 FLYING
1.1200000000 132.7494708310 45.4123131015 182.7450063762 3000.0000000000 0.0000000000 3000.0000000000 0.0004326690 -0.0006876486 FLYING
1.1300000000 135.3685531670 46.2244817791 186.2045664449 3000.0000000000 0.0000000000 3000.0000000000 0.0004343139 -0.0006936415 FLYING
1.1400000000 138.0154597425 47.0420415732 189.6965534821 3000.0000000000 0.0000000000 3000.0000000000 0.0004359873 -0.0006996121 FLYING
1.1500000000 140.6902492076 47.8649184088 193.2209427783 3000.0000000000 0.0000000000 3000.0000000000 0.0004376885 -0.0007055603 FLYING
1.1600000000 143.3929803843 48.6930374810 196.7777092404 3000.0000000000 0.0000000000 3000.0000000000 0.0004394168 -0.0007114859 FLYING
1.1700000000 146.1237122634 49.5263232589 200.3668273926 3000.0000000000 0.0000000000 3000.0000000000 0.0004411717 -0.0007173886 FLYING
1.1800000000 148.8825040022 50.3646994889 203.9882713767 3000.0000000000 0.0000000000 3000.0000000000 0.0004429525 -0.0007232681 FLYING
1.1900000000 151.6694149217 51.2080891987 207.6420149523 3000.0000000000 0.0000000000 3000.0000000000 0.0004447585 -0.0007291242 FLYING
1.2000000000 154.4845045035 52.0564147005 211.3280314978 3000.0000000000 0.0000000000 3000.0000000000 0.0004465893 -0.0007349568 FLYING
1.2100000000 157.3278323873 52.9095975957 215.0462940109 3000.0000000000 0.0000000000 3000.0000000000 0.0004484443 -0.0007407655 FLYING
1.2200000000 160.1994583678 53.7675587778 218.7967751091 3000.0000000000 0.0000000000 3000.0000000000 0.0004503229 -0.0007465501 FLYING
1.2300000000 163.0994423921 54.6302184368 222.5794470304 3000.0000000000 0.0000000000 3000.0000000000 0.0004522246 -0.0007523105 FLYING
1.2400000000 166.0278445565 55.4974960631 226.3942816340 3000.0000000000 0.0000000000 3000.0000000000 0.0004541489 -0.0007580463 FLYING
1.2500000000 168.9847251037 56.3693104513 230.2412504012 3000.0000000000 0.0000000000 3000.0000000000 0.0004560953 -0.0007637573 FLYING
1.2600000000 171.9701444198 57.2455797044 234.1203244361 3000.0000000000 0.0000000000 3000.0000000000 0.0004580632 -0.0007694433 FLYING
1.2700000000 174.9841630311 58.1262212377 238.0314744663 3000.0000000000 0.0000000000 3000.0000000000 0.0004600522 -0.0007751040 FLYING
1.2800000000 178.0268416014 59.0111517830 241.9746708440 3000.0000000000 0.0000000000 3000.0000000000 0.0004620619 -0.0007807393 FLYING
1.2900000000 181.0982409283 59.9002873930 245.9498835466 3000.0000000000 0.0000000000 3000.0000000000 0.0004640917 -0.0007863489 FLYING
1.3000000000 184.1984219409 60.7935434450 249.9570821779 3000.0000000000 0.0000000000 3000.0000000000 0.0004661412 -0.0007919326 FLYING
1.3100000000 187.3274456960 61.6908346457 253.9962359690 3000.0000000000 0.0000000000 3000.0000000000 0.0004682099 -0.0007974900 FLYING
1.3200000000 190.4853733752 62.5920750350 258.0673137793 3000.0000000000 0.0000000000 3000.0000000000 0.0004702975 -0.0008030211 FLYING
1.3300000000 193.6722662819 63.4971779910 262.1702840975 3000.0000000000 0.0000000000 3000.0000000000 0.0004724035 -0.0008085256 FLYING
1.3400000000 196.8881858375 64.4060562338 266.3051150429 3000.0000000000 0.0000000000 3000.0000000000 0.0004745275 -0.0008140031 FLYING
1.3500000000 200.1331935787 65.3186218303 270.4717743662 3000.0000000000 0.0000000000 3000.0000000000 0.0004766693 -0.0008194539 FLYING
1.3600000000 203.4073508716 66.2347861176 274.6702290864 3000.0000000000 0.0000000000 3000.0000000000 0.0004788284 -0.0008248776 FLYING
1.3700000000 206.7107189055 67.1544597092 278.9004454905 3000.0000000000 0.0000000000 3000.0000000000 0.0004810036 -0.0008302728 FLYING
1.3800000000 210.0433588863 68.0775525622 283.1623893975 3000.0000000000 0.0000000000 3000.0000000000 0.0004831579 -0.0008355814 FLYING
1.3900000000 213.4053263332 69.0039727438 287.4560193118 3000.0000000000 0.0000000000 3000.0000000000 0.0004853272 -0.0008408595 FLYING
1.4000000000 216.7966766426 69.9336276795 291.7812931478 3000.0000000000 0.0000000000 3000.0000000000 0.0004875106 -0.0008461061 FLYING
1.4100000000 220.2174650768 70.8664241627 296.1381682296 3000.0000000000 0.0000000000 3000.0000000000 0.0004897076 -0.0008513210 FLYING
1.4200000000 223.6677467574 71.8022683606 300.5266012905 3000.0000000000 0.0000000000 3000.0000000000 0.0004919178 -0.0008565038 FLYING
1.4300000000 227.1475766574 72.7410658207 304.9465484717 3000.0000000000 0.0000000000 3000.0000000000 0.0004941409 -0.0008616543 FLYING
1.4400000000 230.6570095939 73.6827214773 309.3979653212 3000.0000000000 0.0000000000 3000.0000000000 0.0004963763 -0.0008667722 FLYING
1.4500000000 234.1961002205 74.6271396573 313.8808067930 3000.0000000000 0.0000000000 3000.0000000000 0.0004986238 -0.0008718572 FLYING
1.4600000000 237.7649030201 75.5742240875 318.3950272459 3000.0000000000 0.0000000000 3000.0000000000 0.0005008830 -0.0008769090 FLYING
1.4700000000 241.3634722971 76.5238779005 322.9405804427 3000.0000000000 0.0000000000 3000.0000000000 0.0005031533 -0.0008819274 FLYING
1.4800000000 244.9918621696 77.4760036419 327.5174195495 3000.0000000000 0.0000000000 3000.0000000000 0.0005054345 -0.0008869122 FLYING
1.4900000000 248.6501265621 78.4305032768 332.1254971349 3000.0000000000 0.0000000000 3000.0000000000 0.0005077261 -0.0008918630 FLYING
1.5000000000 252.3383191977 79.3872781969 336.7647651691 3000.0000000000 0.0000000000 3000.0000000000 0.0005100278 -0.0008967795 FLYING
1.5100000000 256.0564935902 80.3462292273 341.4351750235 3000.0000000000 0.0000000000 3000.0000000000 0.0005123392 -0.0009016615 FLYING
1.5200000000 259.8047030366 81.3072566336 346.1366774700 3000.0000000000 0.0000000000 3000.0000000000 0.0005146599 -0.0009065088 FLYING
1.5300000000 263.5830006093 82.2702601291 350.8692226804 3000.0000000000 0.0000000000 3000.0000000000 0.0005169894 -0.0009113210 FLYING
1.5400000000 267.3914391481 83.2351388821 355.6327602260 3000.0000000000 0.0000000000 3000.0000000000 0.0005193275 -0.0009160980 FLYING
1.5500000000 271.2300712524 84.2017915231 360.4272390773 3000.0000000000 0.0000000000 3000.0000000000 0.0005216738 -0.0009208393 FLYING
1.5600000000 275.0989492734 85.1701161525 365.2526076035 3000.0000000000 0.0000000000 3000.0000000000 0.0005240279 -0.0009255448 FLYING
1.5700000000 278.9981253062 86.1400103476 370.1088135722 3000.0000000000 0.0000000000 3000.0000000000 0.0005263893 -0.0009302143 FLYING
1.5800000000 282.9276511818 87.1113711709 374.9958041492 3000.0000000000 0.0000000000 3000.0000000000 0.0005287578 -0.0009348473 FLYING
1.5900000000 286.8875784592 88.0840951773 379.9135258986 3000.0000000000 0.0000000000 3000.0000000000 0.0005311329 -0.0009394438 FLYING
1.6000000000 290.8779584173 89.0580784222 384.8619247823 3000.0000000000 0.0000000000 3000.0000000000 0.0005335143 -0.0009440034 FLYING
1.6100000000 294.8988420470 90.0332164693 389.8409461603 3000.0000000000 0.0000000000 3000.0000000000 0.0005359016 -0.0009485258 FLYING
1.6200000000 298.9502800431 91.0094043984 394.8505347905 3000.0000000000 0.0000000000 3000.0000000000 0.0005382949 -0.0009530116 FLYING
1.6300000000 303.0323215128 91.9865365015 399.8906332381 3000.0000000000 0.0000000000 3000.0000000000 0.0005406936 -0.0009574599 FLYING
1.6400000000 307.1450143863 92.9645064019 404.9611824054 3000.0000000000 0.0000000000 3000.0000000000 0.0005430968 -0.0009618699 FLYING
1.6500000000 311.2884062628 93.9432072749 410.0621225941 3000.0000000000 0.0000000000 3000.0000000000 0.0005455043 -0.0009662411 FLYING
1.6600000000 315.4625444022 94.9225318561 415.1933935062 3000.0000000000 0.0000000000 3000.0000000000 0.0005479156 -0.0009705735 FLYING
1.6700000000 319.6674757173 95.9023724502 420.3549342443 3000.0000000000 0.0000000000 3000.0000000000 0.0005503304 -0.0009748667 FLYING
1.6800000000 323.9032467654 96.8826209394 425.5466833127 3000.0000000000 0.0000000000 3000.0000000000 0.0005527483 -0.0009791205 FLYING
1.6900000000 328.1699037401 97.8631687929 430.7685786174 3000.0000000000 0.0000000000 3000.0000000000 0.0005551658 -0.0009833300 FLYING
1.7000000000 332.4674924115 98.8439070962 436.0205574474 3000.0000000000 0.0000000000 3000.0000000000 0.0005575719 -0.0009874797 FLYING
1.7100000000 336.7960579488 99.8247266309 441.3025564099 3000.0000000000 0.0000000000 3000.0000000000 0.0005599799 -0.0009915890 FLYING
1.7200000000 341.1556451263 100.8055177958 446.6145115146 3000.0000000000 0.0000000000 3000.0000000000 0.0005623891 -0.0009956576 FLYING
1.7300000000 345.5462983139 101.7861706188 451.9563581759 3000.0000000000 0.0000000000 3000.0000000000 0.0005647992 -0.0009996850 FLYING
1.7400000000 349.9680614687 102.7665747655 457.3280312137 3000.0000000000 0.0000000000 3000.0000000000 0.0005672098 -0.0010036711 FLYING
1.7500000000 354.4209781270 103.7466195497 462.7294648552 3000.0000000000 0.0000000000 3000.0000000000 0.0005696205 -0.0010076156 FLYING
1.7600000000 358.9050913959 104.7261939419 468.1605927356 3000.0000000000 0.0000000000 3000.0000000000 0.0005720309 -0.0010115184 FLYING
1.7700000000 363.4204439452 105.7051865797 473.6213478999 3000.0000000000 0.0000000000 3000.0000000000 0.0005744407 -0.0010153791 FLYING
1.7800000000 367.9670779991 106.6834857771 479.1116628041 3000.0000000000 0.0000000000 3000.0000000000 0.0005768495 -0.0010191975 FLYING
1.7900000000 372.5450353280 107.6609795348 484.6314693172 3000.0000000000 0.0000000000 3000.0000000000 0.0005792569 -0.0010229735 FLYING
1.8000000000 377.1543572405 108.6375555494 490.1806987221 3000.0000000000 0.0000000000 3000.0000000000 0.0005816625 -0.0010267068 FLYING
1.8100000000 381.7950845751 109.6131012239 495.7592817180 3000.0000000000 0.0000000000 3000.0000000000 0.0005840660 -0.0010303971 FLYING
1.8200000000 386.4672576919 110.5875036779 501.3671484218 3000.0000000000 0.0000000000 3000.0000000000 0.0005864669 -0.0010340442 FLYING
1.8300000000 391.1709164646 111.5606497571 507.0042283701 3000.0000000000 0.0000000000 3000.0000000000 0.0005888648 -0.0010376480 FLYING
1.8400000000 395.9061002721 112.5324260441 512.6704505211 3000.0000000000 0.0000000000 3000.0000000000 0.0005912595 -0.0010412083 FLYING
1.8500000000 400.6728479910 113.5027188687 518.3657432566 3000.0000000000 0.0000000000 3000.0000000000 0.0005936505 -0.0010447247 FLYING
1.8600000000 405.4711979864 114.4714143178 524.0900343843 3000.0000000000 0.0000000000 3000.0000000000 0.0005960374 -0.0010481970 FLYING
1.8700000000 410.3011881048 115.4383982466 529.8432511399 3000.0000000000 0.0000000000 3000.0000000000 0.0005984198 -0.0010516252 FLYING
1.8800000000 415.1628556656 116.4035562885 535.6253201891 3000.0000000000 0.0000000000 3000.0000000000 0.0006007974 -0.0010550089 FLYING
1.8900000000 420.0562374528 117.3667738661 541.4361676304 3000.0000000000 0.0000000000 3000.0000000000 0.0006031707 -0.0010583496 FLYING
1.9000000000 424.9813655683 118.3279353817 547.2757140766 3000.0000000000 0.0000000000 3000.0000000000 0.0006055383 -0.0010616452 FLYING
1.9100000000 429.9382697629 119.2869247226 553.1438774700 3000.0000000000 0.0000000000 3000.0000000000 0.0006078994 -0.0010648944 FLYING
1.9200000000 434.9269791975 120.2436256324 559.0405751987 3000.0000000000 0.0000000000 3000.0000000000 0.0006102536 -0.0010680971 FLYING
1.9300000000 439.9475224359 121.1979217215 564.9657240995 3000.0000000000 0.0000000000 3000.0000000000 0.0006126004 -0.0010712532 FLYING
1.9400000000 444.9999274365 122.1496964791 570.9192404613 3000.0000000000 0.0000000000 3000.0000000000 0.0006149395 -0.0010743623 FLYING
1.9500000000 450.0842215446 123.0988332846 576.9010400280 3000.0000000000 0.0000000000 3000.0000000000 0.0006172705 -0.0010774244 FLYING
1.9600000000 455.2004314848 124.0452154189 582.9110380028 3000.0000000000 0.0000000000 3000.0000000000 0.0006195930 -0.0010804392 FLYING
1.9700000000 460.3485833530 124.9887260767 588.9491490508 3000.0000000000 0.0000000000 3000.0000000000 0.0006219066 -0.0010834066 FLYING
1.9800000000 465.5287026092 125.9292483774 595.0152873035 3000.0000000000 0.0000000000 3000.0000000000 0.0006242108 -0.0010863265 FLYING
1.9900000000 470.7408140691 126.8666653776 601.1093663618 3000.0000000000 0.0000000000 3000.0000000000 0.0006265054 -0.0010891985 FLYING
2.0000000000 475.9849418973 127.8008600824 607.2312993003 3000.0000000000 0.0000000000 3000.0000000000 0.0006287899 -0.0010920226 FLYING
2.0100000000 481.2611095992 128.7317154578 613.3809986709 3000.0000000000 0.0000000000 3000.0000000000 0.0006310638 -0.0010947987 FLYING
2.0200000000 486.5693400137 129.6591144420 619.5583765072 3000.0000000000 0.0000000000 3000.0000000000 0.0006333164 -0.0010975095 FLYING
2.0300000000 491.9096568799 130.5829403722 625.7633463167 3000.0000000000 0.0000000000 3000.0000000000 0.0006355539 -0.0011001661 FLYING
2.0400000000 497.2820838778 131.5030767306 631.9958218671 3000.0000000000 0.0000000000 3000.0000000000 0.0006377799 -0.0011027745 FLYING
2.0500000000 502.6866440534 132.4194070058 638.2557164710 3000.0000000000 0.0000000000 3000.0000000000 0.0006399937 -0.0011053344 FLYING
2.0600000000 508.1233598110 133.3318147055 644.5429429911 3000.0000000000 0.0000000000 3000.0000000000 0.0006421951 -0.0011078457 FLYING
2.0700000000 513.5922529068 134.2401833679 650.8574138450 3000.0000000000 0.0000000000 3000.0000000000 0.0006443836 -0.0011103082 FLYING
2.0800000000 519.0933444419 135.1443965738 657.1990410091 3000.0000000000 0.0000000000 3000.0000000000 0.0006465588 -0.0011127217 FLYING
2.0900000000 524.6266548562 136.0443379585 663.5677360240 3000.0000000000 0.0000000000 3000.0000000000 0.0006487204 -0.0011150863 FLYING
2.1000000000 530.1922039212 136.9398912235 669.9634099987 3000.0000000000 0.0000000000 3000.0000000000 0.0006508679 -0.0011174017 FLYING
2.1100000000 535.7900107342 137.8309401483 676.3859736156 3000.0000000000 0.0000000000 3000.0000000000 0.0006530010 -0.0011196677 FLYING
2.1200000000 541.4200937109 138.7173686030 682.8353371357 3000.0000000000 0.0000000000 3000.0000000000 0.0006551193 -0.0011218844 FLYING
2.1300000000 547.0824705801 139.5990605596 689.3114104031 3000.0000000000 0.0000000000 3000.0000000000 0.0006572223 -0.0011240514 FLYING
2.1400000000 552.7771583764 140.4759001045 695.8141028505 3000.0000000000 0.0000000000 3000.0000000000 0.0006593097 -0.0011261689 FLYING
2.1500000000 558.5041734346 141.3477714506 702.3433235040 3000.0000000000 0.0000000000 3000.0000000000 0.0006613811 -0.0011282365 FLYING
2.1600000000 564.2635313829 142.2145589489 708.8989809885 3000.0000000000 0.0000000000 3000.0000000000 0.0006634356 -0.0011302533 FLYING
2.1700000000 570.0552432942 143.0761465375 715.4809791737 3000.0000000000 0.0000000000 3000.0000000000 0.0006654728 -0.0011322192 FLYING
2.1800000000 575.8793185262 143.9324181996 722.0892204373 3000.0000000000 0.0000000000 3000.0000000000 0.0006674924 -0.0011341340 FLYING
2.1900000000 581.7357656731 144.7832581219 728.7236067613 3000.0000000000 0.0000000000 3000.0000000000 0.0006694939 -0.0011359976 FLYING
2.2000000000 587.6245925592 145.6285507069 735.3840397372 3000.0000000000 0.0000000000 3000.0000000000 0.0006714771 -0.0011378099 FLYING
2.2100000000 593.5458062325 146.4681805854 742.0704205719 3000.0000000000 0.0000000000 3000.0000000000 0.0006734414 -0.0011395709 FLYING
2.2200000000 599.4994129591 147.3020326297 748.7826500939 3000.0000000000 0.0000000000 3000.0000000000 0.0006753865 -0.0011412805 FLYING
2.2300000000 605.4854182170 148.1299919656 755.5206287583 3000.0000000000 0.0000000000 3000.0000000000 0.0006773120 -0.0011429385 FLYING
2.2400000000 611.5038266905 148.9519439856 762.2842566536 3000.0000000000 0.0000000000 3000.0000000000 0.0006792175 -0.0011445449 FLYING
2.2500000000 617.5546422642 149.7677743612 769.0734335070 3000.0000000000 0.0000000000 3000.0000000000 0.0006811027 -0.0011460997 FLYING
2.2600000000 623.6378680173 150.5773690556 775.8880586911 3000.0000000000 0.0000000000 3000.0000000000 0.0006829671 -0.0011476026 FLYING
2.2700000000 629.7535062181 151.3806143366 782.7280312295 3000.0000000000 0.0000000000 3000.0000000000 0.0006848103 -0.0011490537 FLYING
2.2800000000 635.9015583185 152.1773967895 789.5932498032 3000.0000000000 0.0000000000 3000.0000000000 0.0006866320 -0.0011504529 FLYING
2.2900000000 642.0820249483 152.9676033292 796.4836127573 3000.0000000000 0.0000000000 3000.0000000000 0.0006884318 -0.0011518002 FLYING
2.3000000000 648.2949059099 153.7511212134 803.3990181066 3000.0000000000 0.0000000000 3000.0000000000 0.0006902093 -0.0011530953 FLYING
2.3100000000 654.5402001731 154.5278380556 810.3393635425 3000.0000000000 0.0000000000 3000.0000000000 0.0006919640 -0.0011543384 FLYING
2.3200000000 660.8179058697 155.2976418369 817.3045464397 3000.0000000000 0.0000000000 3000.0000000000 0.0006936957 -0.0011555293 FLYING
2.3300000000 667.1280202886 156.0604209198 824.2944638623 3000.0000000000 0.0000000000 3000.0000000000 0.0006954039 -0.0011566680 FLYING
2.3400000000 673.4705398704 156.8160640602 831.3090125705 3000.0000000000 0.0000000000 3000.0000000000 0.0006970883 -0.0011577544 FLYING
2.3500000000 679.8454602026 157.5644604207 838.3480890277 3000.0000000000 0.0000000000 3000.0000000000 0.0006987485 -0.0011587885 FLYING
2.3600000000 686.2527760149 158.3054995828 845.4115894068 3000.0000000000 0.0000000000 3000.0000000000 0.0007003815 -0.0011597661 FLYING
2.3700000000 692.6924830013 159.0390718079 852.4994116487 3000.0000000000 0.0000000000 3000.0000000000 0.0007019897 -0.0011606915 FLYING
2.3800000000 699.1645761363 159.7650678078 859.6114535701 3000.0000000000 0.0000000000 3000.0000000000 0.0007035726 -0.0011615648 FLYING
2.3900000000 705.6690495626 160.4833787430 866.7476127490 3000.0000000000 0.0000000000 3000.0000000000 0.0007051300 -0.0011623859 FLYING
2.4000000000 712.2058965860 161.1938962350 873.9077865319 3000.0000000000 0.0000000000 3000.0000000000 0.0007066614 -0.0011631548 FLYING
2.4100000000 718.7751096716 161.8965123788 881.0918720404 3000.0000000000 0.0000000000 3000.0000000000 0.0007081665 -0.0011638715 FLYING
2.4200000000 725.3766804396 162.5911197551 888.2997661786 3000.0000000000 0.0000000000 3000.0000000000 0.0007096449 -0.0011645360 FLYING
2.4300000000 732.0105996610 163.2776114428 895.5313656401 3000.0000000000 0.0000000000 3000.0000000000 0.0007149861 -0.0011715217 FLYING
2.4400000000 738.6406366443 163.9521328262 902.7470830027 3000.0000000000 0.0000000000 3000.0000000000 0.0007130723 -0.0011653927 FLYING
2.4500000000 745.2667357462 164.6147652809 909.9469483119 3000.0000000000 0.0000000000 3000.0000000000 0.0007113116 -0.0011595923 FLYING
2.4600000000 751.8888431958 165.2655870154 917.1309904943 3000.0000000000 0.0000000000 3000.0000000000 0.0007095307 -0.0011538071 FLYING
2.4700000000 758.5069055799 165.9046760105 924.2992385772 3000.0000000000 0.0000000000 3000.0000000000 0.0007077339 -0.0011480445 FLYING
2.4800000000 765.1208698763 166.5321099503 931.4517216573 3000.0000000000 0.0000000000 3000.0000000000 0.0007059213 -0.0011423043 FLYING
2.4900000000 771.7306834508 167.1479662234 938.5884688996 3000.0000000000 0.0000000000 3000.0000000000 0.0007040934 -0.0011365863 FLYING
2.5000000000 778.3362940549 167.7523219230 945.7095095343 3000.0000000000 0.0000000000 3000.0000000000 0.0007022503 -0.0011308906 FLYING
2.5100000000 784.9376498234 168.3452538460 952.8148728548 3000.0000000000 0.0000000000 3000.0000000000 0.0007003922 -0.0011252172 FLYING
2.5200000000 791.5346992729 168.9268384935 959.9045882153 3000.0000000000 0.0000000000 3000.0000000000 0.0006985195 -0.0011195659 FLYING
2.5300000000 798.1273912989 169.4971520699 966.9786850284 3000.0000000000 0.0000000000 3000.0000000000 0.0006966324 -0.0011139367 FLYING
2.5400000000 804.7156751740 170.0562704833 974.0371927630 3000.0000000000 0.0000000000 3000.0000000000 0.0006947311 -0.0011083297 FLYING
2.5500000000 811.2995005453 170.6042693448 981.0801409416 3000.0000000000 0.0000000000 3000.0000000000 0.0006928160 -0.0011027447 FLYING
2.5600000000 817.8788174328 171.1412239688 988.1075591387 3000.0000000000 0.0000000000 3000.0000000000 0.0006908872 -0.0010971817 FLYING
2.5700000000 824.4535762269 171.6672093727 995.1194769779 3000.0000000000 0.0000000000 3000.0000000000 0.0006889450 -0.0010916406 FLYING
2.5800000000 831.0237276861 172.1823002767 1002.1159241299 3000.0000000000 0.0000000000 3000.0000000000 0.0006869896 -0.0010861215 FLYING
2.5900000000 837.5892229348 172.6865711037 1009.0969303107 3000.0000000000 0.0000000000 3000.0000000000 0.0006850214 -0.0010806242 FLYING
2.6000000000 844.1500134616 173.1800959794 1016.0625252787 3000.0000000000 0.0000000000 3000.0000000000 0.0006830404 -0.0010751487 FLYING
2.6100000000 850.7060511165 173.6629487321 1023.0127388331 3000.0000000000 0.0000000000 3000.0000000000 0.0006810470 -0.0010696950 FLYING
2.6200000000 857.2572881091 174.1352028928 1029.9476008118 3000.0000000000 0.0000000000 3000.0000000000 0.0006790414 -0.0010642630 FLYING
2.6300000000 863.8036770062 174.5969316950 1036.8671410886 3000.0000000000 0.0000000000 3000.0000000000 0.0006770238 -0.0010588526 FLYING
2.6400000000 870.3451707300 175.0482080748 1043.7713895721 3000.0000000000 0.0000000000 3000.0000000000 0.0006749940 -0.0010534632 FLYING
2.6500000000 876.8817228519 175.4891046977 1050.6603765221 3000.0000000000 0.0000000000 3000.0000000000 0.0006729522 -0.0010480944 FLYING
2.6600000000 883.4132876626 175.9196939627 1057.5341326228 3000.0000000000 0.0000000000 3000.0000000000 0.0006708991 -0.0010427474 FLYING
2.6700000000 889.9398198000 176.3400479667 1064.3926885808 3000.0000000000 0.0000000000 3000.0000000000 0.0006688350 -0.0010374219 FLYING
2.6800000000 896.4612742475 176.7502385049 1071.2360751235 3000.0000000000 0.0000000000 3000.0000000000 0.0006667602 -0.0010321179 FLYING
2.6900000000 902.9776063316 177.1503370712 1078.0643229972 3000.0000000000 0.0000000000 3000.0000000000 0.0006646747 -0.0010268354 FLYING
2.7000000000 909.4887717195 177.5404148581 1084.8774629648 3000.0000000000 0.0000000000 3000.0000000000 0.0006625986 -0.0010216043 FLYING
2.7100000000 915.9947484150 177.9205437599 1091.6755485048 3000.0000000000 0.0000000000 3000.0000000000 0.0006605133 -0.0010163967 FLYING
2.7200000000 922.4955147308 178.2907952516 1098.4586329702 3000.0000000000 0.0000000000 3000.0000000000 0.0006584197 -0.0010112134 FLYING
2.7300000000 928.9910492893 178.6512403847 1105.2267695845 3000.0000000000 0.0000000000 3000.0000000000 0.0006563178 -0.0010060540 FLYING
2.7400000000 935.4813310189 179.0019497891 1111.9800114415 3000.0000000000 0.0000000000 3000.0000000000 0.0006542079 -0.0010009186 FLYING
2.7500000000 941.9663391519 179.3429936761 1118.7184115045 3000.0000000000 0.0000000000 3000.0000000000 0.0006520900 -0.0009958070 FLYING
2.7600000000 948.4460532206 179.6744418399 1125.4420226055 3000.0000000000 0.0000000000 3000.0000000000 0.0006499645 -0.0009907191 FLYING
2.7700000000 954.9204530552 179.9963636600 1132.1508974449 3000.0000000000 0.0000000000 3000.0000000000 0.0006478314 -0.0009856548 FLYING
2.7800000000 961.3895187803 180.3088281036 1138.8450885906 3000.0000000000 0.0000000000 3000.0000000000 0.0006456910 -0.0009806139 FLYING
2.7900000000 967.8532308123 180.6119037272 1145.5246484776 3000.0000000000 0.0000000000 3000.0000000000 0.0006435433 -0.0009755963 FLYING
2.8000000000 974.3115698565 180.9056586794 1152.1896294075 3000.0000000000 0.0000000000 3000.0000000000 0.0006413886 -0.0009706020 FLYING
2.8100000000 980.7645169045 181.1901607025 1158.8400835477 3000.0000000000 0.0000000000 3000.0000000000 0.0006392270 -0.0009656308 FLYING
2.8200000000 987.2120532308 181.4654771349 1165.4760629312 3000.0000000000 0.0000000000 3000.0000000000 0.0006370587 -0.0009606826 FLYING
2.8300000000 993.6541603906 181.7316749134 1172.0976194560 3000.0000000000 0.0000000000 3000.0000000000 0.0006348838 -0.0009557573 FLYING
2.8400000000 1000.0908202167 181.9888205750 1178.7048048844 3000.0000000000 0.0000000000 3000.0000000000 0.0006327026 -0.0009508547 FLYING
2.8500000000 1006.5220148171 182.2369802592 1185.2976708426 3000.0000000000 0.0000000000 3000.0000000000 0.0006305150 -0.0009459748 FLYING
2.8600000000 1012.9477265717 182.4762197099 1191.8762688207 3000.0000000000 0.0000000000 3000.0000000000 0.0006283214 -0.0009411174 FLYING
2.8700000000 1019.3679381302 182.7066042781 1198.4406501714 3000.0000000000 0.0000000000 3000.0000000000 0.0006261218 -0.0009362824 FLYING
2.8800000000 1025.7826324091 182.9281989233 1204.9908661104 3000.0000000000 0.0000000000 3000.0000000000 0.0006239164 -0.0009314697 FLYING
2.8900000000 1032.1917925892 183.1410682160 1211.5269677154 3000.0000000000 0.0000000000 3000.0000000000 0.0006217054 -0.0009266793 FLYING
2.9000000000 1038.5954021128 183.3452763398 1218.0490059262 3000.0000000000 0.0000000000 3000.0000000000 0.0006194888 -0.0009219109 FLYING
2.9100000000 1044.9934446812 183.5408870931 1224.5570315438 3000.0000000000 0.0000000000 3000.0000000000 0.0006172669 -0.0009171645 FLYING
2.9200000000 1051.3859042521 183.7279638918 1231.0510952304 3000.0000000000 0.0000000000 3000.0000000000 0.0006150397 -0.0009124399 FLYING
2.9300000000 1057.7727650371 183.9065697710 1237.5312475089 3000.0000000000 0.0000000000 3000.0000000000 0.0006128074 -0.0009077371 FLYING
2.9400000000 1064.1540114990 184.0767673871 1243.9975387627 3000.0000000000 0.0000000000 3000.0000000000 0.0006105701 -0.0009030560 FLYING
2.9500000000 1070.5296283493 184.2386190197 1250.4500192350 3000.0000000000 0.0000000000 3000.0000000000 0.0006083280 -0.0008983963 FLYING
2.9600000000 1076.8996005460 184.3921865741 1256.8887390290 3000.0000000000 0.0000000000 3000.0000000000 0.0006060812 -0.0008937581 FLYING
2.9700000000 1083.2639132907 184.5375315830 1263.3137481074 3000.0000000000 0.0000000000 3000.0000000000 0.0006038298 -0.0008891411 FLYING
2.9800000000 1089.6225520262 184.6747152086 1269.7250962917 3000.0000000000 0.0000000000 3000.0000000000 0.0006015740 -0.0008845454 FLYING
2.9900000000 1095.9755024343 184.8037982448 1276.1228332627 3000.0000000000 0.0000000000 3000.0000000000 0.0005993138 -0.0008799707 FLYING
3.0000000000 1102.3227504334 184.9248411190 1282.5070085595 3000.0000000000 0.0000000000 3000.0000000000 0.0005970495 -0.0008754170 FLYING
3.0100000000 1108.6642821756 185.0379038943 1288.8776715799 3000.0000000000 0.0000000000 3000.0000000000 0.0005947810 -0.0008708842 FLYING
3.0200000000 1115.0000840449 185.1430462712 1295.2348715796 3000.0000000000 0.0000000000 3000.0000000000 0.0005925086 -0.0008663721 FLYING
3.0300000000 1121.3301426546 185.2403275903 1301.5786576724 3000.0000000000 0.0000000000 3000.0000000000 0.0005902324 -0.0008618806 FLYING
3.0400000000 1127.6544448449 185.3298068335 1307.9090788297 3000.0000000000 0.0000000000 3000.0000000000 0.0005879524 -0.0008574097 FLYING
3.0500000000 1133.9729776806 185.4115426264 1314.2261838803 3000.0000000000 0.0000000000 3000.0000000000 0.0005856688 -0.0008529593 FLYING
3.0600000000 1140.2857284490 185.4855932404 1320.5300215107 3000.0000000000 0.0000000000 3000.0000000000 0.0005833817 -0.0008485291 FLYING
3.0700000000 1146.5926846572 185.5520165944 1326.8206402642 3000.0000000000 0.0000000000 3000.0000000000 0.0005810911 -0.0008441192 FLYING
3.0800000000 1152.8938340303 185.6108702568 1333.0980885414 3000.0000000000 0.0000000000 3000.0000000000 0.0005787974 -0.0008397293 FLYING
3.0900000000 1159.1891645089 185.6622114477 1339.3624145993 3000.0000000000 0.0000000000 3000.0000000000 0.0005765004 -0.0008353595 FLYING
3.1000000000 1165.4786642469 185.7060970407 1345.6136665521 3000.0000000000 0.0000000000 3000.0000000000 0.0005742003 -0.0008310096 FLYING
3.1100000000 1171.7623216093 185.7425835648 1351.8518923703 3000.0000000000 0.0000000000 3000.0000000000 0.0005718973 -0.0008266794 FLYING
3.1200000000 1178.0401251702 185.7717272064 1358.0771398809 3000.0000000000 0.0000000000 3000.0000000000 0.0005695915 -0.0008223690 FLYING
3.1300000000 1184.3120637102 185.7935838113 1364.2894567672 3000.0000000000 0.0000000000 3000.0000000000 0.0005672828 -0.0008180781 FLYING
3.1400000000 1190.5781262146 185.8082088865 1370.4888905688 3000.0000000000 0.0000000000 3000.0000000000 0.0005649715 -0.0008138067 FLYING
3.1500000000 1196.8383018714 185.8156576023 1376.6754886814 3000.0000000000 0.0000000000 3000.0000000000 0.0005626576 -0.0008095547 FLYING
3.1600000000 1203.0925800687 185.8159847939 1382.8492983568 3000.0000000000 0.0000000000 3000.0000000000 0.0005603412 -0.0008053220 FLYING
3.1700000000 1209.3409503930 185.8092449637 1389.0103667029 3000.0000000000 0.0000000000 3000.0000000000 0.0005580225 -0.0008011084 FLYING
3.1800000000 1215.5834026269 185.7954922830 1395.1587406835 3000.0000000000 0.0000000000 3000.0000000000 0.0005557015 -0.0007969139 FLYING
3.1900000000 1221.8199267473 185.7747805938 1401.2944671182 3000.0000000000 0.0000000000 3000.0000000000 0.0005533783 -0.0007927383 FLYING
3.2000000000 1228.0505129231 185.7471634107 1407.4175926825 3000.0000000000 0.0000000000 3000.0000000000 0.0005510529 -0.0007885816 FLYING
3.2100000000 1234.2751515132 185.7126939230 1413.5281639080 3000.0000000000 0.0000000000 3000.0000000000 0.0005487256 -0.0007844437 FLYING
3.2200000000 1240.4938330647 185.6714249964 1419.6262271817 3000.0000000000 0.0000000000 3000.0000000000 0.0005463963 -0.0007803244 FLYING
3.2300000000 1246.7065483108 185.6234091749 1425.7118287466 3000.0000000000 0.0000000000 3000.0000000000 0.0005440652 -0.0007762237 FLYING
3.2400000000 1252.9132881687 185.5686986824 1431.7850147016 3000.0000000000 0.0000000000 3000.0000000000 0.0005417323 -0.0007721415 FLYING
3.2500000000 1259.1140437377 185.5073454250 1437.8458310013 3000.0000000000 0.0000000000 3000.0000000000 0.0005393977 -0.0007680776 FLYING
3.2600000000 1265.3088062975 185.4394009925 1443.8943234561 3000.0000000000 0.0000000000 3000.0000000000 0.0005370616 -0.0007640320 FLYING
3.2700000000 1271.4975673061 185.3649166605 1449.9305377322 3000.0000000000 0.0000000000 3000.0000000000 0.0005347239 -0.0007600045 FLYING
3.2800000000 1277.6803183977 185.2839433917 1455.9545193520 3000.0000000000 0.0000000000 3000.0000000000 0.0005323848 -0.0007559952 FLYING
3.2900000000 1283.8570513811 185.1965318385 1461.9663136934 3000.0000000000 0.0000000000 3000.0000000000 0.0005300443 -0.0007520037 FLYING
3.3000000000 1290.0277582378 185.1027323439 1467.9659659905 3000.0000000000 0.0000000000 3000.0000000000 0.0005277025 -0.0007480302 FLYING
3.3100000000 1296.1924311200 185.0025949442 1473.9535213334 3000.0000000000 0.0000000000 3000.0000000000 0.0005253596 -0.0007440744 FLYING
3.3200000000 1302.3510623489 184.8961693700 1479.9290246682 3000.0000000000 0.0000000000 3000.0000000000 0.0005230155 -0.0007401364 FLYING
3.3300000000 1308.5036444128 184.7835050484 1485.8925207974 3000.0000000000 0.0000000000 3000.0000000000 0.0005206703 -0.0007362159 FLYING
3.3400000000 1314.6501699654 184.6646511050 1491.8440543794 3000.0000000000 0.0000000000 3000.0000000000 0.0005183241 -0.0007323128 FLYING
3.3500000000 1320.7906318237 184.5396563649 1497.7836699291 3000.0000000000 0.0000000000 3000.0000000000 0.0005159770 -0.0007284272 FLYING
3.3600000000 1326.9250229667 184.4085693552 1503.7114118179 3000.0000000000 0.0000000000 3000.0000000000 0.0005136291 -0.0007245589 FLYING
3.3700000000 1333.0533365332 184.2714383065 1509.6273242737 3000.0000000000 0.0000000000 3000.0000000000 0.0005112804 -0.0007207078 FLYING
3.3800000000 1339.1755658205 184.1283111543 1515.5314513808 3000.0000000000 0.0000000000 3000.0000000000 0.0005089309 -0.0007168738 FLYING
3.3900000000 1345.2917042821 183.9792355414 1521.4238370807 3000.0000000000 0.0000000000 3000.0000000000 0.0005065808 -0.0007130568 FLYING
3.4000000000 1351.4017455266 183.8242588190 1527.3045251712 3000.0000000000 0.0000000000 3000.0000000000 0.0005042301 -0.0007092568 FLYING
3.4100000000 1357.5056833157 183.6634280489 1533.1735593076 3000.0000000000 0.0000000000 3000.0000000000 0.0005018789 -0.0007054735 FLYING
3.4200000000 1363.6035115622 183.4967900047 1539.0309830020 3000.0000000000 0.0000000000 3000.0000000000 0.0004995272 -0.0007017071 FLYING
3.4300000000 1369.6952243291 183.3243911739 1544.8768396241 3000.0000000000 0.0000000000 3000.0000000000 0.0004971751 -0.0006979572 FLYING
3.4400000000 1375.7808158273 183.1462777596 1550.7111724006 3000.0000000000 0.0000000000 3000.0000000000 0.0004948227 -0.0006942240 FLYING
3.4500000000 1381.8602804141 182.9624956819 1556.5340244162 3000.0000000000 0.0000000000 3000.0000000000 0.0004924699 -0.0006905072 FLYING
3.4600000000 1387.9336125918 182.7730905799 1562.3454386131 3000.0000000000 0.0000000000 3000.0000000000 0.0004901170 -0.0006868068 FLYING
3.4700000000 1394.0008070060 182.5781078129 1568.1454577915 3000.0000000000 0.0000000000 3000.0000000000 0.0004877638 -0.0006831226 FLYING
3.4800000000 1400.0618584437 182.3775924626 1573.9341246096 3000.0000000000 0.0000000000 3000.0000000000 0.0004854106 -0.0006794547 FLYING
3.4900000000 1406.1167618323 182.1715893344 1579.7114815840 3000.0000000000 0.0000000000 3000.0000000000 0.0004830572 -0.0006758029 FLYING
3.5000000000 1412.1655122374 181.9601429593 1585.4775710896 3000.0000000000 0.0000000000 3000.0000000000 0.0004807039 -0.0006721671 FLYING
3.5100000000 1418.2081048617 181.7432975952 1591.2324353601 3000.0000000000 0.0000000000 3000.0000000000 0.0004783506 -0.0006685473 FLYING
3.5200000000 1424.2445350434 181.5210972288 1596.9761164878 3000.0000000000 0.0000000000 3000.0000000000 0.0004759974 -0.0006649433 FLYING
3.5300000000 1430.2747982544 181.2935855771 1602.7086564242 3000.0000000000 0.0000000000 3000.0000000000 0.0004736443 -0.0006613551 FLYING
3.5400000000 1436.2988900991 181.0608060891 1608.4300969800 3000.0000000000 0.0000000000 3000.0000000000 0.0004712914 -0.0006577825 FLYING
3.5500000000 1442.3168063129 180.8228019473 1614.1404798255 3000.0000000000 0.0000000000 3000.0000000000 0.0004689388 -0.0006542256 FLYING
3.5600000000 1448.3285427603 180.5796160692 1619.8398464903 3000.0000000000 0.0000000000 3000.0000000000 0.0004665864 -0.0006506841 FLYING
3.5700000000 1454.3340954340 180.3312911094 1625.5282383643 3000.0000000000 0.0000000000 3000.0000000000 0.0004642344 -0.0006471581 FLYING
3.5800000000 1460.3334604531 180.0778694605 1631.2056966973 3000.0000000000 0.0000000000 3000.0000000000 0.0004618828 -0.0006436474 FLYING
3.5900000000 1466.3266340616 179.8193932550 1636.8722625995 3000.0000000000 0.0000000000 3000.0000000000 0.0004595315 -0.0006401519 FLYING
3.6000000000 1472.3136126274 179.5559043669 1642.5279770416 3000.0000000000 0.0000000000 3000.0000000000 0.0004571808 -0.0006366717 FLYING
3.6100000000 1478.2943926403 179.2874444133 1648.1728808553 3000.0000000000 0.0000000000 3000.0000000000 0.0004548305 -0.0006332065 FLYING
3.6200000000 1484.2689707109 179.0140547557 1653.8070147333 3000.0000000000 0.0000000000 3000.0000000000 0.0004524808 -0.0006297563 FLYING
3.6300000000 1490.2373435693 178.7357765017 1659.4304192294 3000.0000000000 0.0000000000 3000.0000000000 0.0004501317 -0.0006263210 FLYING
3.6400000000 1496.1995080637 178.4526505065 1665.0431347594 3000.0000000000 0.0000000000 3000.0000000000 0.0004477832 -0.0006229006 FLYING
3.6500000000 1502.1554611587 178.1647173746 1670.6452016006 3000.0000000000 0.0000000000 3000.0000000000 0.0004454354 -0.0006194949 FLYING
3.6600000000 1508.1051999342 177.8720174610 1676.2366598926 3000.0000000000 0.0000000000 3000.0000000000 0.0004430883 -0.0006161039 FLYING
3.6700000000 1514.0487215844 177.5745908729 1681.8175496373 3000.0000000000 0.0000000000 3000.0000000000 0.0004407395 -0.0006127243 FLYING
3.6800000000 1519.9860238369 177.2724774756 1687.3879111200 3000.0000000000 0.0000000000 3000.0000000000 0.0004383909 -0.0006093585 FLYING
3.6900000000 1525.9171046637 176.9657168882 1692.9477846190 3000.0000000000 0.0000000000 3000.0000000000 0.0004360432 -0.0006060072 FLYING
3.7000000000 1531.8419621418 176.6543484836 1698.4972102682 3000.0000000000 0.0000000000 3000.0000000000 0.0004336965 -0.0006026705 FLYING
3.7100000000 1537.7605944523 176.3384113900 1704.0362280581 3000.0000000000 0.0000000000 3000.0000000000 0.0004313508 -0.0005993483 FLYING
3.7200000000 1543.6729998790 176.0179444928 1709.5648778361 3000.0000000000 0.0000000000 3000.0000000000 0.0004290061 -0.0005960404 FLYING
3.7300000000 1549.5791768072 175.6929864361 1715.0831993068 3000.0000000000 0.0000000000 3000.0000000000 0.0004266625 -0.0005927467 FLYING
3.7400000000 1555.4791237223 175.3635756238 1720.5912320323 3000.0000000000 0.0000000000 3000.0000000000 0.0004243199 -0.0005894673 FLYING
3.7500000000 1561.3728392087 175.0297502215 1726.0890154327 3000.0000000000 0.0000000000 3000.0000000000 0.0004219785 -0.0005862020 FLYING
3.7600000000 1567.2603219488 174.6915481582 1731.5765887864 3000.0000000000 0.0000000000 3000.0000000000 0.0004196382 -0.0005829507 FLYING
3.7700000000 1573.1415707212 174.3490071270 1737.0539912306 3000.0000000000 0.0000000000 3000.0000000000 0.0004172991 -0.0005797134 FLYING
3.7800000000 1579.0165844002 174.0021645875 1742.5212617616 3000.0000000000 0.0000000000 3000.0000000000 0.0004149611 -0.0005764900 FLYING
3.7900000000 1584.8853619540 173.6510577665 1747.9784392352 3000.0000000000 0.0000000000 3000.0000000000 0.0004126244 -0.0005732804 FLYING
3.8000000000 1590.7479024441 173.2957236600 1753.4255623669 3000.0000000000 0.0000000000 3000.0000000000 0.0004102890 -0.0005700845 FLYING
3.8100000000 1596.6042050236 172.9361990344 1758.8626697327 3000.0000000000 0.0000000000 3000.0000000000 0.0004079548 -0.0005669022 FLYING
3.8200000000 1602.4542689364 172.5725204281 1764.2897997692 3000.0000000000 0.0000000000 3000.0000000000 0.0004056219 -0.0005637335 FLYING
3.8300000000 1608.2980935159 172.2047241527 1769.7069907741 3000.0000000000 0.0000000000 3000.0000000000 0.0004032904 -0.0005605784 FLYING
3.8400000000 1614.1356781840 171.8328462946 1775.1142809064 3000.0000000000 0.0000000000 3000.0000000000 0.0004009602 -0.0005574366 FLYING
3.8500000000 1619.9670224499 171.4569227166 1780.5117081871 3000.0000000000 0.0000000000 3000.0000000000 0.0003986313 -0.0005543082 FLYING
3.8600000000 1625.7921259089 171.0769890587 1785.8993104996 3000.0000000000 0.0000000000 3000.0000000000 0.0003963039 -0.0005511930 FLYING
3.8700000000 1631.6109882417 170.6930807404 1791.2771255898 3000.0000000000 0.0000000000 3000.0000000000 0.0003939778 -0.0005480910 FLYING
3.8800000000 1637.4236092125 170.3052329613 1796.6451910666 3000.0000000000 0.0000000000 3000.0000000000 0.0003916532 -0.0005450022 FLYING
3.8900000000 1643.2299886689 169.9134807028 1802.0035444026 3000.0000000000 0.0000000000 3000.0000000000 0.0003893301 -0.0005419264 FLYING
3.9000000000 1649.0301265402 169.5178587297 1807.3522229342 3000.0000000000 0.0000000000 3000.0000000000 0.0003870084 -0.0005388635 FLYING
3.9100000000 1654.8240228364 169.1184015911 1812.6912638622 3000.0000000000 0.0000000000 3000.0000000000 0.0003846882 -0.0005358136 FLYING
3.9200000000 1660.6116776474 168.7151436222 1818.0207042519 3000.0000000000 0.0000000000 3000.0000000000 0.0003823695 -0.0005327765 FLYING
3.9300000000 1666.3930911419 168.3081189453 1823.3405810341 3000.0000000000 0.0000000000 3000.0000000000 0.0003800524 -0.0005297521 FLYING
3.9400000000 1672.1682635661 167.8973614716 1828.6509310047 3000.0000000000 0.0000000000 3000.0000000000 0.0003777368 -0.0005267404 FLYING
3.9500000000 1677.9371952430 167.4829049020 1833.9517908261 3000.0000000000 0.0000000000 3000.0000000000 0.0003754227 -0.0005237413 FLYING
3.9600000000 1683.6998865713 167.0647827289 1839.2431970267 3000.0000000000 0.0000000000 3000.0000000000 0.0003731102 -0.0005207548 FLYING
3.9700000000 1689.4563380242 166.6430282370 1844.5251860019 3000.0000000000 0.0000000000 3000.0000000000 0.0003707993 -0.0005177807 FLYING
3.9800000000 1695.2065501488 166.2176745053 1849.7977940144 3000.0000000000 0.0000000000 3000.0000000000 0.0003684901 -0.0005148190 FLYING
3.9900000000 1700.9505235647 165.7887544079 1855.0610571944 3000.0000000000 0.0000000000 3000.0000000000 0.0003661824 -0.0005118697 FLYING
4.0000000000 1706.6882589635 165.3563006153 1860.3150115404 3000.0000000000 0.0000000000 3000.0000000000 0.0003638764 -0.0005089326 FLYING
4.0100000000 1712.4197571072 164.9203455962 1865.5596929192 3000.0000000000 0.0000000000 3000.0000000000 0.0003615720 -0.0005060077 FLYING
4.0200000000 1718.1450188280 164.4809216180 1870.7951370668 3000.0000000000 0.0000000000 3000.0000000000 0.0003592692 -0.0005030949 FLYING
4.0300000000 1723.8640450267 164.0380607488 1876.0213795883 3000.0000000000 0.0000000000 3000.0000000000 0.0003569682 -0.0005001941 FLYING
4.0400000000 1729.5768366721 163.5917948582 1881.2384559590 3000.0000000000 0.0000000000 3000.0000000000 0.0003546688 -0.0004973054 FLYING
4.0500000000 1735.2833948001 163.1421556190 1886.4464015241 3000.0000000000 0.0000000000 3000.0000000000 0.0003523711 -0.0004944285 FLYING
4.0600000000 1740.9837205126 162.6891745077 1891.6452514997 3000.0000000000 0.0000000000 3000.0000000000 0.0003500751 -0.0004915636 FLYING
4.0700000000 1746.6778149767 162.2328828068 1896.8350409728 3000.0000000000 0.0000000000 3000.0000000000 0.0003477808 -0.0004887103 FLYING
4.0800000000 1752.3656794238 161.7733116051 1902.0158049023 3000.0000000000 0.0000000000 3000.0000000000 0.0003454883 -0.0004858688 FLYING
4.0900000000 1758.0473151486 161.3104917994 1907.1875781189 3000.0000000000 0.0000000000 3000.0000000000 0.0003431974 -0.0004830390 FLYING
4.1000000000 1763.7227235085 160.8444540957 1912.3503953255 3000.0000000000 0.0000000000 3000.0000000000 0.0003409083 -0.0004802207 FLYING
4.1100000000 1769.3919059224 160.3752290103 1917.5042910983 3000.0000000000 0.0000000000 3000.0000000000 0.0003386209 -0.0004774140 FLYING
4.1200000000 1775.0548638699 159.9028468710 1922.6492998865 3000.0000000000 0.0000000000 3000.0000000000 0.0003363353 -0.0004746187 FLYING
4.1300000000 1780.7115988906 159.4273378185 1927.7854560132 3000.0000000000 0.0000000000 3000.0000000000 0.0003340515 -0.0004718348 FLYING
4.1400000000 1786.3621125831 158.9487318073 1932.9127936757 3000.0000000000 0.0000000000 3000.0000000000 0.0003317694 -0.0004690622 FLYING
4.1500000000 1792.0064066043 158.4670586072 1938.0313469458 3000.0000000000 0.0000000000 3000.0000000000 0.0003294891 -0.0004663009 FLYING
4.1600000000 1797.6444826683 157.9823478042 1943.1411497705 3000.0000000000 0.0000000000 3000.0000000000 0.0003272105 -0.0004635508 FLYING
4.1700000000 1803.2763425459 157.4946288020 1948.2422359723 3000.0000000000 0.0000000000 3000.0000000000 0.0003249337 -0.0004608118 FLYING
4.1800000000 1808.9019880635 157.0039308226 1953.3346392496 3000.0000000000 0.0000000000 3000.0000000000 0.0003226587 -0.0004580839 FLYING
4.1900000000 1814.5214211025 156.5102829082 1958.4183931772 3000.0000000000 0.0000000000 3000.0000000000 0.0003203855 -0.0004553670 FLYING
4.2000000000 1820.1346435984 156.0137139219 1963.4935312070 3000.0000000000 0.0000000000 3000.0000000000 0.0003181141 -0.0004526611 FLYING
4.2100000000 1825.7416575400 155.5142525487 1968.5600866678 3000.0000000000 0.0000000000 3000.0000000000 0.0003158445 -0.0004499660 FLYING
4.2200000000 1831.3424649685 155.0119272971 1973.6180927666 3000.0000000000 0.0000000000 3000.0000000000 0.0003135766 -0.0004472818 FLYING
4.2300000000 1836.9370679769 154.5067664999 1978.6675825881 3000.0000000000 0.0000000000 3000.0000000000 0.0003113106 -0.0004446084 FLYING
4.2400000000 1842.5254687092 153.9987983155 1983.7085890961 3000.0000000000 0.0000000000 3000.0000000000 0.0003090464 -0.0004419456 FLYING
4.2500000000 1848.1076693597 153.4880507289 1988.7411451332 3000.0000000000 0.0000000000 3000.0000000000 0.0003067839 -0.0004392935 FLYING
4.2600000000 1853.6836721718 152.9745515527 1993.7652834217 3000.0000000000 0.0000000000 3000.0000000000 0.0003045233 -0.0004366520 FLYING
4.2700000000 1859.2534794378 152.4583284286 1998.7810365637 3000.0000000000 0.0000000000 3000.0000000000 0.0003022644 -0.0004340210 FLYING
4.2800000000 1864.8170934980 151.9394088281 2003.7884370421 3000.0000000000 0.0000000000 3000.0000000000 0.0003000074 -0.0004314004 FLYING
4.2900000000 1870.3745167396 151.4178200538 2008.7875172203 3000.0000000000 0.0000000000 3000.0000000000 0.0002977521 -0.0004287903 FLYING
4.3000000000 1875.9257515965 150.8935892403 2013.7783093432 3000.0000000000 0.0000000000 3000.0000000000 0.0002954986 -0.0004261906 FLYING
4.3100000000 1881.4708005482 150.3667433557 2018.7608455376 3000.0000000000 0.0000000000 3000.0000000000 0.0002932470 -0.0004236011 FLYING
4.3200000000 1887.0096661192 149.8373092020 2023.7351578123 3000.0000000000 0.0000000000 3000.0000000000 0.0002909971 -0.0004210218 FLYING
4.3300000000 1892.5423508783 149.3053134168 2028.7012780591 3000.0000000000 0.0000000000 3000.0000000000 0.0002887490 -0.0004184528 FLYING
4.3400000000 1898.0688574380 148.7707824740 2033.6592380528 3000.0000000000 0.0000000000 3000.0000000000 0.0002865027 -0.0004158938 FLYING
4.3500000000 1903.5891884534 148.2337426850 2038.6090694516 3000.0000000000 0.0000000000 3000.0000000000 0.0002842582 -0.0004133450 FLYING
4.3600000000 1909.1033466220 147.6942201997 2043.5508037982 3000.0000000000 0.0000000000 3000.0000000000 0.0002820154 -0.0004108061 FLYING
4.3700000000 1914.6113346827 147.1522410073 2048.4844725193 3000.0000000000 0.0000000000 3000.0000000000 0.0002797745 -0.0004082772 FLYING
4.3800000000 1920.1131554153 146.6078309379 2053.4101069270 3000.0000000000 0.0000000000 3000.0000000000 0.0002775353 -0.0004057582 FLYING
4.3900000000 1925.6088116396 146.0610156631 2058.3277382186 3000.0000000000 0.0000000000 3000.0000000000 0.0002752978 -0.0004032490 FLYING
4.4000000000 1931.0983062150 145.5118206968 2063.2373974772 3000.0000000000 0.0000000000 3000.0000000000 0.0002730622 -0.0004007496 FLYING
4.4100000000 1936.5816420396 144.9602713970 2068.1391156724 3000.0000000000 0.0000000000 3000.0000000000 0.0002708282 -0.0003982599 FLYING
4.4200000000 1942.0588220496 144.4063929660 2073.0329236604 3000.0000000000 0.0000000000 3000.0000000000 0.0002685961 -0.0003957800 FLYING
4.4300000000 1947.5298492187 143.8502104518 2077.9188521848 3000.0000000000 0.0000000000 3000.0000000000 0.0002663656 -0.0003933096 FLYING
4.4400000000 1952.9947265577 143.2917487491 2082.7969318767 3000.0000000000 0.0000000000 3000.0000000000 0.0002641369 -0.0003908488 FLYING
4.4500000000 1958.4534571132 142.7310326001 2087.6671932555 3000.0000000000 0.0000000000 3000.0000000000 0.0002619100 -0.0003883975 FLYING
4.4600000000 1963.9060439676 142.1680865957 2092.5296667291 3000.0000000000 0.0000000000 3000.0000000000 0.0002596847 -0.0003859557 FLYING
4.4700000000 1969.3524902381 141.6029351762 2097.3843825945 3000.0000000000 0.0000000000 3000.0000000000 0.0002574612 -0.0003835233 FLYING
4.4800000000 1974.7927990765 141.0356026327 2102.2313710381 3000.0000000000 0.0000000000 3000.0000000000 0.0002552393 -0.0003811003 FLYING
4.4900000000 1980.2269736678 140.4661131076 2107.0706621364 3000.0000000000 0.0000000000 3000.0000000000 0.0002530192 -0.0003786865 FLYING
4.5000000000 1985.6550172305 139.8944905958 2111.9022858561 3000.0000000000 0.0000000000 3000.0000000000 0.0002508007 -0.0003762821 FLYING
4.5100000000 1991.0769330154 139.3207589456 2116.7262720550 3000.0000000000 0.0000000000 3000.0000000000 0.0002485839 -0.0003738868 FLYING
4.5200000000 1996.4927243052 138.7449418598 2121.5426504820 3000.0000000000 0.0000000000 3000.0000000000 0.0002463688 -0.0003715006 FLYING
4.5300000000 2001.9023944138 138.1670628962 2126.3514507779 3000.0000000000 0.0000000000 3000.0000000000 0.0002441553 -0.0003691236 FLYING
4.5400000000 2007.3059466859 137.5871454693 2131.1527024758 3000.0000000000 0.0000000000 3000.0000000000 0.0002419435 -0.0003667556 FLYING
4.5500000000 2012.7033844960 137.0052128502 2135.9464350013 3000.0000000000 0.0000000000 3000.0000000000 0.0002397332 -0.0003643966 FLYING
4.5600000000 2018.0947112486 136.4212881686 2140.7326776731 3000.0000000000 0.0000000000 3000.0000000000 0.0002375247 -0.0003620466 FLYING
4.5700000000 2023.4799303766 135.8353944129 2145.5114597039 3000.0000000000 0.0000000000 3000.0000000000 0.0002353177 -0.0003597054 FLYING
4.5800000000 2028.8590453416 135.2475544315 2150.2828101998 3000.0000000000 0.0000000000 3000.0000000000 0.0002331123 -0.0003573731 FLYING
4.5900000000 2034.2320596329 134.6577909337 2155.0467581620 3000.0000000000 0.0000000000 3000.0000000000 0.0002309085 -0.0003550496 FLYING
4.6000000000 2039.5989767670 134.0661264904 2159.8033324864 3000.0000000000 0.0000000000 3000.0000000000 0.0002287062 -0.0003527349 FLYING
4.6100000000 2044.9598002869 133.4725835351 2164.5525619642 3000.0000000000 0.0000000000 3000.0000000000 0.0002265056 -0.0003504288 FLYING
4.6200000000 2050.3145337622 132.8771843650 2169.2944752825 3000.0000000000 0.0000000000 3000.0000000000 0.0002243064 -0.0003481314 FLYING
4.6300000000 2055.6631807875 132.2799511415 2174.0291010250 3000.0000000000 0.0000000000 3000.0000000000 0.0002221088 -0.0003458426 FLYING
4.6400000000 2061.0057449827 131.6809058913 2178.7564676719 3000.0000000000 0.0000000000 3000.0000000000 0.0002199127 -0.0003435624 FLYING
4.6500000000 2066.3422299922 131.0800705075 2183.4766036006 3000.0000000000 0.0000000000 3000.0000000000 0.0002177181 -0.0003412906 FLYING
4.6600000000 2071.6726394842 130.4774667498 2188.1895370864 3000.0000000000 0.0000000000 3000.0000000000 0.0002155249 -0.0003390274 FLYING
4.6700000000 2076.9969771505 129.8731162462 2192.8952963025 3000.0000000000 0.0000000000 3000.0000000000 0.0002133333 -0.0003367725 FLYING
4.6800000000 2082.3152467057 129.2670404930 2197.5939093208 3000.0000000000 0.0000000000 3000.0000000000 0.0002111430 -0.0003345260 FLYING
4.6900000000 2087.6274518866 128.6592608564 2202.2854041124 3000.0000000000 0.0000000000 3000.0000000000 0.0002089543 -0.0003322878 FLYING
4.7000000000 2092.9335964521 128.0497985729 2206.9698085475 3000.0000000000 0.0000000000 3000.0000000000 0.0002067669 -0.0003300579 FLYING
4.7100000000 2098.2336841822 127.4386747504 2211.6471503966 3000.0000000000 0.0000000000 3000.0000000000 0.0002045809 -0.0003278363 FLYING
4.7200000000 2103.5277188780 126.8259103689 2216.3174573306 3000.0000000000 0.0000000000 3000.0000000000 0.0002023963 -0.0003256228 FLYING
4.7300000000 2108.8157043606 126.2115262810 2220.9807569210 3000.0000000000 0.0000000000 3000.0000000000 0.0002002131 -0.0003234174 FLYING
4.7400000000 2114.0976444712 125.5955432136 2225.6370766409 3000.0000000000 0.0000000000 3000.0000000000 0.0001980312 -0.0003212201 FLYING
4.7500000000 2119.3735430700 124.9779817679 2230.2864438649 3000.0000000000 0.0000000000 3000.0000000000 0.0001958506 -0.0003190309 FLYING
4.7600000000 2124.6434040363 124.3588624204 2234.9288858701 3000.0000000000 0.0000000000 3000.0000000000 0.0001936713 -0.0003168497 FLYING
4.7700000000 2129.9072312675 123.7382055240 2239.5644298360 3000.0000000000 0.0000000000 3000.0000000000 0.0001914933 -0.0003146764 FLYING
4.7800000000 2135.1650286790 123.1160313087 2244.1931028455 3000.0000000000 0.0000000000 3000.0000000000 0.0001893166 -0.0003125111 FLYING
4.7900000000 2140.4168002036 122.4923598822 2248.8149318849 3000.0000000000 0.0000000000 3000.0000000000 0.0001871411 -0.0003103536 FLYING
4.8000000000 2145.6625497906 121.8672112307 2253.4299438445 3000.0000000000 0.0000000000 3000.0000000000 0.0001849668 -0.0003082039 FLYING
4.8100000000 2150.9022814063 121.2406052200 2258.0381655194 3000.0000000000 0.0000000000 3000.0000000000 0.0001827938 -0.0003060620 FLYING
4.8200000000 2156.1359990323 120.6125615961 2262.6396236092 3000.0000000000 0.0000000000 3000.0000000000 0.0001806219 -0.0003039278 FLYING
4.8300000000 2161.3637066660 119.9830999860 2267.2343447193 3000.0000000000 0.0000000000 3000.0000000000 0.0001784511 -0.0003018014 FLYING
4.8400000000 2166.5854083198 119.3522398982 2271.8223553607 3000.0000000000 0.0000000000 3000.0000000000 0.0001762815 -0.0002996826 FLYING
4.8500000000 2171.8011080205 118.7200007241 2276.4036819508 3000.0000000000 0.0000000000 3000.0000000000 0.0001741130 -0.0002975714 FLYING
4.8600000000 2177.0108098091 118.0864017381 2280.9783508138 3000.0000000000 0.0000000000 3000.0000000000 0.0001719456 -0.0002954677 FLYING
4.8700000000 2182.2145177399 117.4514620989 2285.5463881810 3000.0000000000 0.0000000000 3000.0000000000 0.0001697793 -0.0002933716 FLYING
4.8800000000 2187.4122358807 116.8152008498 2290.1078201915 3000.0000000000 0.0000000000 3000.0000000000 0.0001676140 -0.0002912829 FLYING
4.8900000000 2192.6039683118 116.1776369200 2294.6626728925 3000.0000000000 0.0000000000 3000.0000000000 0.0001654497 -0.0002892017 FLYING
4.9000000000 2197.7897191259 115.5387891246 2299.2109722397 3000.0000000000 0.0000000000 3000.0000000000 0.0001632863 -0.0002871279 FLYING
4.9100000000 2202.9694924274 114.8986761662 2303.7527440978 3000.0000000000 0.0000000000 3000.0000000000 0.0001611240 -0.0002850615 FLYING
4.9200000000 2208.1432923319 114.2573166348 2308.2880142413 3000.0000000000 0.0000000000 3000.0000000000 0.0001589626 -0.0002830023 FLYING
4.9300000000 2213.3111229664 113.6147290094 2312.8168083542 3000.0000000000 0.0000000000 3000.0000000000 0.0001568020 -0.0002809505 FLYING
4.9400000000 2218.4729884678 112.9709316578 2317.3391520312 3000.0000000000 0.0000000000 3000.0000000000 0.0001546424 -0.0002789058 FLYING
4.9500000000 2223.6288929835 112.3259428382 2321.8550707778 3000.0000000000 0.0000000000 3000.0000000000 0.0001524836 -0.0002768684 FLYING
4.9600000000 2228.7788406704 111.6797806993 2326.3645900107 3000.0000000000 0.0000000000 3000.0000000000 0.0001503257 -0.0002748381 FLYING
4.9700000000 2233.9228356944 111.0324632815 2330.8677350586 3000.0000000000 0.0000000000 3000.0000000000 0.0001481685 -0.0002728149 FLYING
4.9800000000 2239.0608822304 110.3840085169 2335.3645311622 3000.0000000000 0.0000000000 3000.0000000000 0.0001460121 -0.0002707987 FLYING
4.9900000000 2244.1929844617 109.7344342311 2339.8550034749 3000.0000000000 0.0000000000 3000.0000000000 0.0001438564 -0.0002687897 FLYING
5.0000000000 2249.3191465791 109.0837581427 2344.3391770633 3000.0000000000 0.0000000000 3000.0000000000 0.0001417015 -0.0002667876 FLYING
5.0100000000 2254.4393727814 108.4319978650 2348.8170769077 3000.0000000000 0.0000000000 3000.0000000000 0.0001395472 -0.0002647924 FLYING
5.0200000000 2259.5536672742 107.7791709060 2353.2887279022 3000.0000000000 0.0000000000 3000.0000000000 0.0001373935 -0.0002628042 FLYING
5.0300000000 2264.6620342697 107.1252946695 2357.7541548557 3000.0000000000 0.0000000000 3000.0000000000 0.0001352405 -0.0002608228 FLYING
5.0400000000 2269.7644779867 106.4703864558 2362.2133824917 3000.0000000000 0.0000000000 3000.0000000000 0.0001330881 -0.0002588483 FLYING
5.0500000000 2274.8610026494 105.8144634619 2366.6664354496 3000.0000000000 0.0000000000 3000.0000000000 0.0001309354 -0.0002568794 FLYING
5.0600000000 2279.9516123883 105.1575428038 2371.1133382032 3000.0000000000 0.0000000000 3000.0000000000 0.0001287831 -0.0002549169 FLYING
5.0700000000 2285.0363113095 104.4996415015 2375.5541151187 3000.0000000000 0.0000000000 3000.0000000000 0.0001266313 -0.0002529613 FLYING
5.0800000000 2290.1151035249 103.8407764735 2379.9887904795 3000.0000000000 0.0000000000 3000.0000000000 0.0001244801 -0.0002510124 FLYING
5.0900000000 2295.1879931520 103.1809645376 2384.4173884871 3000.0000000000 0.0000000000 3000.0000000000 0.0001223293 -0.0002490702 FLYING
5.1000000000 2300.2549843136 102.5202224116 2388.8399332617 3000.0000000000 0.0000000000 3000.0000000000 0.0001201789 -0.0002471346 FLYING
5.1100000000 2305.3160811370 101.8585667140 2393.2564488420 3000.0000000000 0.0000000000 3000.0000000000 0.0001180289 -0.0002452057 FLYING
5.1200000000 2310.3712877539 101.1960139645 2397.6669591867 3000.0000000000 0.0000000000 3000.0000000000 0.0001158793 -0.0002432834 FLYING
5.1300000000 2315.4206083000 100.5325805847 2402.0714881738 3000.0000000000 0.0000000000 3000.0000000000 0.0001137299 -0.0002413676 FLYING
5.1400000000 2320.4640469144 99.8682828989 2406.4700596019 3000.0000000000 0.0000000000 3000.0000000000 0.0001115809 -0.0002394583 FLYING
5.1500000000 2325.5016077393 99.2031371347 2410.8626971904 3000.0000000000 0.0000000000 3000.0000000000 0.0001094321 -0.0002375555 FLYING
5.1600000000 2330.5332949194 98.5371594234 2415.2494245799 3000.0000000000 0.0000000000 3000.0000000000 0.0001072835 -0.0002356591 FLYING
5.1700000000 2335.5591126021 97.8703658011 2419.6302653326 3000.0000000000 0.0000000000 3000.0000000000 0.0001051350 -0.0002337691 FLYING
5.1800000000 2340.5790649362 97.2027722089 2424.0052429329 3000.0000000000 0.0000000000 3000.0000000000 0.0001029867 -0.0002318855 FLYING
5.1900000000 2345.5931560722 96.5343944939 2428.3743807880 3000.0000000000 0.0000000000 3000.0000000000 0.0001008384 -0.0002300082 FLYING
5.2000000000 2350.6013901618 95.8652484093 2432.7377022281 3000.0000000000 0.0000000000 3000.0000000000 0.0000986901 -0.0002281372 FLYING
5.2100000000 2355.6037713571 95.1953496159 2437.0952305068 3000.0000000000 0.0000000000 3000.0000000000 0.0000965419 -0.0002262724 FLYING
5.2200000000 2360.6003038105 94.5247136819 2441.4469888020 3000.0000000000 0.0000000000 3000.0000000000 0.0000943935 -0.0002244139 FLYING
5.2300000000 2365.5909916745 93.8533560837 2445.7930002160 3000.0000000000 0.0000000000 3000.0000000000 0.0000922451 -0.0002225615 FLYING
5.2400000000 2370.5758391009 93.1812922071 2450.1332877760 3000.0000000000 0.0000000000 3000.0000000000 0.0000900965 -0.0002207153 FLYING
5.2500000000 2375.5548502405 92.5085373471 2454.4678744347 3000.0000000000 0.0000000000 3000.0000000000 0.0000879477 -0.0002188752 FLYING
5.2600000000 2380.5280292429 91.8351067091 2458.7967830707 3000.0000000000 0.0000000000 3000.0000000000 0.0000857987 -0.0002170412 FLYING
5.2700000000 2385.4953802559 91.1610154091 2463.1200364892 3000.0000000000 0.0000000000 3000.0000000000 0.0000836494 -0.0002152132 FLYING
5.2800000000 2390.4569074252 90.4862784747 2467.4376574219 3000.0000000000 0.0000000000 3000.0000000000 0.0000814997 -0.0002133912 FLYING
5.2900000000 2395.4126148941 89.8109108453 2471.7496685282 3000.0000000000 0.0000000000 3000.0000000000 0.0000793496 -0.0002115751 FLYING
5.3000000000 2400.3625068028 89.1349273732 2476.0560923952 3000.0000000000 0.0000000000 3000.0000000000 0.0000771991 -0.0002097650 FLYING
5.3100000000 2405.3065872882 88.4583428236 2480.3569515384 3000.0000000000 0.0000000000 3000.0000000000 0.0000750481 -0.0002079608 FLYING
5.3200000000 2410.2448604836 87.7811718757 2484.6522684019 3000.0000000000 0.0000000000 3000.0000000000 0.0000728965 -0.0002061624 FLYING
5.3300000000 2415.1773305181 87.1034291230 2488.9420653593 3000.0000000000 0.0000000000 3000.0000000000 0.0000707444 -0.0002043699 FLYING
5.3400000000 2420.1040015163 86.4251290739 2493.2263647139 3000.0000000000 0.0000000000 3000.0000000000 0.0000685916 -0.0002025832 FLYING
5.3500000000 2425.0248775979 85.7462861526 2497.5051886994 3000.0000000000 0.0000000000 3000.0000000000 0.0000664380 -0.0002008022 FLYING
5.3600000000 2429.9399628774 85.0669146992 2501.7785594802 3000.0000000000 0.0000000000 3000.0000000000 0.0000642837 -0.0001990270 FLYING
5.3700000000 2434.8492614633 84.3870289707 2506.0464991519 3000.0000000000 0.0000000000 3000.0000000000 0.0000621286 -0.0001972574 FLYING
5.3800000000 2439.7527774582 83.7066431412 2510.3090297421 3000.0000000000 0.0000000000 3000.0000000000 0.0000599725 -0.0001954935 FLYING
5.3900000000 2444.6505149583 83.0257713029 2514.5661732104 3000.0000000000 0.0000000000 3000.0000000000 0.0000578155 -0.0001937353 FLYING
5.4000000000 2449.5424780525 82.3444274662 2518.8179514493 3000.0000000000 0.0000000000 3000.0000000000 0.0000556575 -0.0001919826 FLYING
5.4100000000 2454.4286708226 81.6626255608 2523.0643862848 3000.0000000000 0.0000000000 3000.0000000000 0.0000534984 -0.0001902355 FLYING
5.4200000000 2459.3090973428 80.9803794357 2527.3054994765 3000.0000000000 0.0000000000 3000.0000000000 0.0000513382 -0.0001884939 FLYING
5.4300000000 2464.1837616788 80.2977028602 2531.5413127184 3000.0000000000 0.0000000000 3000.0000000000 0.0000491768 -0.0001867578 FLYING
5.4400000000 2469.0526678879 79.6146095243 2535.7718476394 3000.0000000000 0.0000000000 3000.0000000000 0.0000470141 -0.0001850271 FLYING
5.4500000000 2473.9158200186 78.9311130391 2539.9971258036 3000.0000000000 0.0000000000 3000.0000000000 0.0000448500 -0.0001833019 FLYING
5.4600000000 2478.7732221096 78.2472269376 2544.2171687113 3000.0000000000 0.0000000000 3000.0000000000 0.0000426846 -0.0001815821 FLYING
5.4700000000 2483.6248781902 77.5629646752 2548.4319977991 3000.0000000000 0.0000000000 3000.0000000000 0.0000405176 -0.0001798676 FLYING
5.4800000000 2488.4707922792 76.8783396303 2552.6416344406 3000.0000000000 0.0000000000 3000.0000000000 0.0000383491 -0.0001781585 FLYING
5.4900000000 2493.3109683848 76.1933651045 2556.8460999469 3000.0000000000 0.0000000000 3000.0000000000 0.0000361789 -0.0001764546 FLYING
5.5000000000 2498.1454105040 75.5080543236 2561.0454155672 3000.0000000000 0.0000000000 3000.0000000000 0.0000340071 -0.0001747561 FLYING
5.5100000000 2502.9741226224 74.8224204379 2565.2396024895 3000.0000000000 0.0000000000 3000.0000000000 0.0000318334 -0.0001730627 FLYING
5.5200000000 2507.7971087136 74.1364765227 2569.4286818407 3000.0000000000 0.0000000000 3000.0000000000 0.0000296579 -0.0001713746 FLYING
5.5300000000 2512.6143727388 73.4502355791 2573.6126746878 3000.0000000000 0.0000000000 3000.0000000000 0.0000274804 -0.0001696916 FLYING
5.5400000000 2517.4259186462 72.7637105343 2577.7916020379 3000.0000000000 0.0000000000 3000.0000000000 0.0000253009 -0.0001680138 FLYING
5.5500000000 2522.2317503709 72.0769142421 2581.9654848391 3000.0000000000 0.0000000000 3000.0000000000 0.0000231193 -0.0001663411 FLYING
5.5600000000 2527.0318718340 71.3898594835 2586.1343439810 3000.0000000000 0.0000000000 3000.0000000000 0.0000209355 -0.0001646734 FLYING
5.5700000000 2531.8262869426 70.7025589675 2590.2982002953 3000.0000000000 0.0000000000 3000.0000000000 0.0000187493 -0.0001630108 FLYING
5.5800000000 2536.6149995889 70.0150253312 2594.4570745565 3000.0000000000 0.0000000000 3000.0000000000 0.0000165608 -0.0001613532 FLYING
5.5900000000 2541.3980136500 69.3272711406 2598.6109874821 3000.0000000000 0.0000000000 3000.0000000000 0.0000143697 -0.0001597006 FLYING
5.6000000000 2546.1753329874 68.6393088909 2602.7599597339 3000.0000000000 0.0000000000 3000.0000000000 0.0000121761 -0.0001580530 FLYING
5.6100000000 2550.9469614465 67.9511510074 2606.9040119181 3000.0000000000 0.0000000000 3000.0000000000 0.0000099798 -0.0001564102 FLYING
5.6200000000 2555.7129028557 67.2628098455 2611.0431645860 3000.0000000000 0.0000000000 3000.0000000000 0.0000077807 -0.0001547724 FLYING
5.6300000000 2560.4731610268 66.5742976919 2615.1774382349 3000.0000000000 0.0000000000 3000.0000000000 0.0000055786 -0.0001531394 FLYING
5.6400000000 2565.2277397536 65.8856267643 2619.3068533085 3000.0000000000 0.0000000000 3000.0000000000 0.0000033736 -0.0001515113 FLYING
5.6500000000 2569.9766428118 65.1968092126 2623.4314301975 3000.0000000000 0.0000000000 3000.0000000000 0.0000011654 -0.0001498879 FLYING
5.6600000000 2574.7198739584 64.5078571192 2627.5511892408 3000.0000000000 0.0000000000 3000.0000000000 -0.0000010460 -0.0001482693 FLYING
5.6700000000 2579.4574369312 63.8187824994 2631.6661507255 3000.0000000000 0.0000000000 3000.0000000000 -0.0000032607 -0.0001466555 FLYING
5.6800000000 2584.1893354483 63.1295973021 2635.7763348880 3000.0000000000 0.0000000000 3000.0000000000 -0.0000054790 -0.0001450463 FLYING
5.6900000000 2588.9155732071 62.4403134100 2639.8817619147 3000.0000000000 0.0000000000 3000.0000000000 -0.0000077008 -0.0001434419 FLYING
5.7000000000 2593.6361538847 61.7509426405 2643.9824519427 3000.0000000000 0.0000000000 3000.0000000000 -0.0000099264 -0.0001418421 FLYING
5.7100000000 2598.3510811361 61.0614967461 2648.0784250602 3000.0000000000 0.0000000000 3000.0000000000 -0.0000121559 -0.0001402469 FLYING
5.7200000000 2603.0603585946 60.3719874149 2652.1697013079 3000.0000000000 0.0000000000 3000.0000000000 -0.0000143894 -0.0001386563 FLYING
5.7300000000 2607.7639898706 59.6824262709 2656.2563006793 3000.0000000000 0.0000000000 3000.0000000000 -0.0000166270 -0.0001370702 FLYING
5.7400000000 2612.4619785514 58.9928248748 2660.3382431214 3000.0000000000 0.0000000000 3000.0000000000 -0.0000188690 -0.0001354887 FLYING
5.7500000000 2617.1543282003 58.3031947246 2664.4155485361 3000.0000000000 0.0000000000 3000.0000000000 -0.0000211153 -0.0001339117 FLYING
5.7600000000 2621.8410423559 57.6135472556 2668.4882367802 3000.0000000000 0.0000000000 3000.0000000000 -0.0000233664 -0.0001323391 FLYING
5.7700000000 2626.5221245316 56.9238938415 2672.5563276669 3000.0000000000 0.0000000000 3000.0000000000 -0.0000256221 -0.0001307710 FLYING
5.7800000000 2631.1975782150 56.2342457947 2676.6198409662 3000.0000000000 0.0000000000 3000.0000000000 -0.0000278828 -0.0001292073 FLYING
5.7900000000 2635.8674068671 55.5446143666 2680.6787964063 3000.0000000000 0.0000000000 3000.0000000000 -0.0000301486 -0.0001276480 FLYING
5.8000000000 2640.5316139215 54.8550107485 2684.7332136737 3000.0000000000 0.0000000000 3000.0000000000 -0.0000324197 -0.0001260930 FLYING
5.8100000000 2645.1902027838 54.1654460718 2688.7831124148 3000.0000000000 0.0000000000 3000.0000000000 -0.0000346963 -0.0001245423 FLYING
5.8200000000 2649.8431768308 53.4759314088 2692.8285122367 3000.0000000000 0.0000000000 3000.0000000000 -0.0000369785 -0.0001229959 FLYING
5.8300000000 2654.4905394099 52.7864777729 2696.8694327077 3000.0000000000 0.0000000000 3000.0000000000 -0.0000392666 -0.0001214538 FLYING
5.8400000000 2659.1322938380 52.0970961195 2700.9058933587 3000.0000000000 0.0000000000 3000.0000000000 -0.0000415607 -0.0001199159 FLYING
5.8500000000 2663.7684434011 51.4077973462 2704.9379136843 3000.0000000000 0.0000000000 3000.0000000000 -0.0000438610 -0.0001183822 FLYING
5.8600000000 2668.3989913531 50.7185922934 2708.9655131432 3000.0000000000 0.0000000000 3000.0000000000 -0.0000461678 -0.0001168527 FLYING
5.8700000000 2673.0239409152 50.0294917449 2712.9887111600 3000.0000000000 0.0000000000 3000.0000000000 -0.0000484813 -0.0001153273 FLYING
5.8800000000 2677.6432952751 49.3405064285 2717.0075271255 3000.0000000000 0.0000000000 3000.0000000000 -0.0000508016 -0.0001138060 FLYING
5.8900000000 2682.2570575857 48.6516470161 2721.0219803984 3000.0000000000 0.0000000000 3000.0000000000 -0.0000531292 -0.0001122888 FLYING
5.9000000000 2686.8652309648 47.9629241247 2725.0320903063 3000.0000000000 0.0000000000 3000.0000000000 -0.0000554641 -0.0001107757 FLYING
5.9100000000 2691.4678184936 47.2743483168 2729.0378761465 3000.0000000000 0.0000000000 3000.0000000000 -0.0000578066 -0.0001092666 FLYING
5.9200000000 2696.0648232160 46.5859301007 2733.0393571874 3000.0000000000 0.0000000000 3000.0000000000 -0.0000601570 -0.0001077615 FLYING
5.9300000000 2700.6562481374 45.8976799311 2737.0365526700 3000.0000000000 0.0000000000 3000.0000000000 -0.0000625156 -0.0001062604 FLYING
5.9400000000 2705.2420962241 45.2096082098 2741.0294818088 3000.0000000000 0.0000000000 3000.0000000000 -0.0000648826 -0.0001047633 FLYING
5.9500000000 2709.8223704016 44.5217252859 2745.0181637930 3000.0000000000 0.0000000000 3000.0000000000 -0.0000672584 -0.0001032701 FLYING
5.9600000000 2714.3970735540 43.8340414566 2749.0026177883 3000.0000000000 0.0000000000 3000.0000000000 -0.0000696432 -0.0001017809 FLYING
5.9700000000 2718.9662085224 43.1465669676 2752.9828629379 3000.0000000000 0.0000000000 3000.0000000000 -0.0000720374 -0.0001002955 FLYING
5.9800000000 2723.5297781040 42.4593120135 2756.9589183642 3000.0000000000 0.0000000000 3000.0000000000 -0.0000744412 -0.0000988140 FLYING
5.9900000000 2728.0877850507 41.7722867382 2760.9308031700 3000.0000000000 0.0000000000 3000.0000000000 -0.0000768552 -0.0000973364 FLYING
6.0000000000 2732.6402320677 41.0855012361 2764.8985364405 3000.0000000000 0.0000000000 3000.0000000000 -0.0000792795 -0.0000958626 FLYING
6.0100000000 2737.1871218123 40.3989655516 2768.8621372447 3000.0000000000 0.0000000000 3000.0000000000 -0.0000817147 -0.0000943927 FLYING
6.0200000000 2741.7284568923 39.7126896805 2772.8216246371 3000.0000000000 0.0000000000 3000.0000000000 -0.0000841610 -0.0000929266 FLYING
6.0300000000 2746.2642398643 39.0266835699 2776.7770176594 3000.0000000000 0.0000000000 3000.0000000000 -0.0000866191 -0.0000914643 FLYING
6.0400000000 2750.7944732323 38.3409571192 2780.7283353428 3000.0000000000 0.0000000000 3000.0000000000 -0.0000890892 -0.0000900057 FLYING
6.0500000000 2755.3191594461 37.6555201802 2784.6755967096 3000.0000000000 0.0000000000 3000.0000000000 -0.0000915719 -0.0000885509 FLYING
6.0600000000 2759.8383008991 36.9703825582 2788.6188207756 3000.0000000000 0.0000000000 3000.0000000000 -0.0000940677 -0.0000870999 FLYING
6.0700000000 2764.3518999267 36.2855540120 2792.5580265519 3000.0000000000 0.0000000000 3000.0000000000 -0.0000965772 -0.0000856527 FLYING
6.0800000000 2768.8599588042 35.6010442549 2796.4932330477 3000.0000000000 0.0000000000 3000.0000000000 -0.0000991009 -0.0000842091 FLYING
6.0900000000 2773.3624797447 34.9168629550 2800.4244592726 3000.0000000000 0.0000000000 3000.0000000000 -0.0001016394 -0.0000827693 FLYING
6.1000000000 2777.8594648966 34.2330197361 2804.3517242392 3000.0000000000 0.0000000000 3000.0000000000 -0.0001041934 -0.0000813331 FLYING
6.1100000000 2782.3509163414 33.5495241781 2808.2750469660 3000.0000000000 0.0000000000 3000.0000000000 -0.0001067636 -0.0000799007 FLYING
6.1200000000 2786.8368360911 32.8663858179 2812.1944464801 3000.0000000000 0.0000000000 3000.0000000000 -0.0001093507 -0.0000784719 FLYING
6.1300000000 2791.3172260854 32.1836141497 2816.1099418209 3000.0000000000 0.0000000000 3000.0000000000 -0.0001119555 -0.0000770468 FLYING
6.1400000000 2795.7920881888 31.5012186262 2820.0215520428 3000.0000000000 0.0000000000 3000.0000000000 -0.0001145790 -0.0000756253 FLYING
6.1500000000 2800.2614241873 30.8192086591 2823.9292962196 3000.0000000000 0.0000000000 3000.0000000000 -0.0001172218 -0.0000742075 FLYING
6.1600000000 2804.7252357851 30.1375936198 2827.8331934476 3000.0000000000 0.0000000000 3000.0000000000 -0.0001198852 -0.0000727933 FLYING
6.1700000000 2809.1835246012 29.4563828403 2831.7332628502 3000.0000000000 0.0000000000 3000.0000000000 -0.0001225701 -0.0000713827 FLYING
6.1800000000 2813.6362921653 28.7755856141 2835.6295235825 3000.0000000000 0.0000000000 3000.0000000000 -0.0001252777 -0.0000699756 FLYING
6.1900000000 2818.0835399133 28.0952111971 2839.5219948355 3000.0000000000 0.0000000000 3000.0000000000 -0.0001280092 -0.0000685722 FLYING
6.2000000000 2822.5252691835 27.4152688083 2843.4106958422 3000.0000000000 0.0000000000 3000.0000000000 -0.0001307659 -0.0000671724 FLYING
6.2100000000 2826.9614812110 26.7357676310 2847.2956458823 3000.0000000000 0.0000000000 3000.0000000000 -0.0001335493 -0.0000657761 FLYING
6.2200000000 2831.3921771225 26.0567168138 2851.1768642889 3000.0000000000 0.0000000000 3000.0000000000 -0.0001363610 -0.0000643834 FLYING
6.2300000000 2835.8173579309 25.3781254716 2855.0543704549 3000.0000000000 0.0000000000 3000.0000000000 -0.0001392027 -0.0000629943 FLYING
6.2400000000 2840.2370245283 24.7000026869 2858.9281838403 3000.0000000000 0.0000000000 3000.0000000000 -0.0001420763 -0.0000616087 FLYING
6.2500000000 2844.6511776797 24.0223575107 2862.7983239802 3000.0000000000 0.0000000000 3000.0000000000 -0.0001449838 -0.0000602268 FLYING
6.2600000000 2849.0598180149 23.3451989641 2866.6648104933 3000.0000000000 0.0000000000 3000.0000000000 -0.0001479276 -0.0000588485 FLYING
6.2700000000 2853.4629460203 22.6685360396 2870.5276630913 3000.0000000000 0.0000000000 3000.0000000000 -0.0001509101 -0.0000574738 FLYING
6.2800000000 2857.8605620298 21.9923777025 2874.3869015901 3000.0000000000 0.0000000000 3000.0000000000 -0.0001539342 -0.0000561028 FLYING
6.2900000000 2862.2526662142 21.3167328922 2878.2425459208 3000.0000000000 0.0000000000 3000.0000000000 -0.0001570030 -0.0000547354 FLYING
6.3000000000 2866.6392585699 20.6416105246 2882.0946161427 3000.0000000000 0.0000000000 3000.0000000000 -0.0001601198 -0.0000533719 FLYING
6.3100000000 2871.0203389064 19.9670194933 2885.9431324582 3000.0000000000 0.0000000000 3000.0000000000 -0.0001632886 -0.0000520121 FLYING
6.3200000000 2875.3959068318 19.2929686718 2889.7881152289 3000.0000000000 0.0000000000 3000.0000000000 -0.0001665137 -0.0000506563 FLYING
6.3300000000 2879.7659617365 18.6194669157 2893.6295849935 3000.0000000000 0.0000000000 3000.0000000000 -0.0001698001 -0.0000493045 FLYING
6.3400000000 2884.1305027755 17.9465230649 2897.4675624890 3000.0000000000 0.0000000000 3000.0000000000 -0.0001731534 -0.0000479568 FLYING
6.3500000000 2888.4895288472 17.2741459467 2901.3020686736 3000.0000000000 0.0000000000 3000.0000000000 -0.0001765799 -0.0000466134 FLYING
6.3600000000 2892.8430385702 16.6023443783 2905.1331247543 3000.0000000000 0.0000000000 3000.0000000000 -0.0001800871 -0.0000452745 FLYING
6.3700000000 2897.1910302558 15.9311271701 2908.9607522167 3000.0000000000 0.0000000000 3000.0000000000 -0.0001836833 -0.0000439403 FLYING
6.3800000000 2901.5335018767 15.2605031296 2912.7849728617 3000.0000000000 0.0000000000 3000.0000000000 -0.0001873785 -0.0000426110 FLYING
6.3900000000 2905.8704510306 14.5904810657 2916.6058088460 3000.0000000000 0.0000000000 3000.0000000000 -0.0001911843 -0.0000412872 FLYING
6.4000000000 2910.2018748971 13.9210697932 2920.4232827314 3000.0000000000 0.0000000000 3000.0000000000 -0.0001951142 -0.0000399690 FLYING
6.4100000000 2914.5277701874 13.2522781386 2924.2374175419 3000.0000000000 0.0000000000 3000.0000000000 -0.0001991845 -0.0000386572 FLYING
6.4200000000 2918.8481330840 12.5841149464 2928.0482368317 3000.0000000000 0.0000000000 3000.0000000000 -0.0002034146 -0.0000373522 FLYING
6.4300000000 2923.1629591684 11.9165890872 2931.8557647675 3000.0000000000 0.0000000000 3000.0000000000 -0.0002078283 -0.0000360550 FLYING
6.4400000000 2927.4722433333 11.2497094662 2935.6600262283 3000.0000000000 0.0000000000 3000.0000000000 -0.0002124543 -0.0000347666 FLYING
6.4500000000 2931.7759796754 10.5834850348 2939.4610469267 3000.0000000000 0.0000000000 3000.0000000000 -0.0002173287 -0.0000334881 FLYING
6.4600000000 2936.0741613615 9.9179248038 2943.2588535612 3000.0000000000 0.0000000000 3000.0000000000 -0.0002224966 -0.0000322214 FLYING
6.4700000000 2940.3667804606 9.2530378600 2947.0534740062 3000.0000000000 0.0000000000 3000.0000000000 -0.0002280156 -0.0000309685 FLYING
6.4800000000 2944.6538277295 8.5888333875 2950.8449375562 3000.0000000000 0.0000000000 3000.0000000000 -0.0002339606 -0.0000297324 FLYING
6.4900000000 2948.9352923339 7.9253206945 2954.6332752418 3000.0000000000 0.0000000000 3000.0000000000 -0.0002404307 -0.0000285169 FLYING
6.5000000000 2953.2111614793 7.2625092492 2958.4185202491 3000.0000000000 0.0000000000 3000.0000000000 -0.0002475600 -0.0000273272 FLYING
6.5100000000 2957.4814199107 6.6004087268 2962.2007084881 3000.0000000000 0.0000000000 3000.0000000000 -0.0002555351 -0.0000261708 FLYING
6.5200000000 2961.7460492166 5.9390290751 2965.9798793822 3000.0000000000 0.0000000000 3000.0000000000 -0.0002646234 -0.0000250586 FLYING
6.5300000000 2966.0050268324 5.2783806084 2969.7560770020 3000.0000000000 0.0000000000 3000.0000000000 -0.0002752224 -0.0000240067 FLYING
6.5400000000 2970.2583245551 4.6184741446 2973.5293517513 3000.0000000000 0.0000000000 3000.0000000000 -0.0002879509 -0.0000230405 FLYING
6.5500000000 2974.5059062337 3.9593212194 2977.2997629920 3000.0000000000 0.0000000000 3000.0000000000 -0.0003038275 -0.0000222022 FLYING
6.5600000000 2978.7477239637 3.3009344355 2981.0673833686 3000.0000000000 0.0000000000 3000.0000000000 -0.0003246558 -0.0000215668 FLYING
6.5700000000 2982.9837113464 2.6433280804 2984.8323064679 3000.0000000000 0.0000000000 3000.0000000000 -0.0003539568 -0.0000212814 FLYING
6.5800000000 2987.2137703261 1.9865193287 2988.5946617785 3000.0000000000 0.0000000000 3000.0000000000 -0.0003996212 -0.0000216766 FLYING
6.5900000000 2991.4377416799 1.3305309306 2992.3546482276 3000.0000000000 0.0000000000 3000.0000000000 -0.0004834835 -0.0000236697 FLYING
6.6000000000 2995.6553233302 0.6753986437 2996.1126270092 3000.0000000000 0.0000000000 3000.0000000000 -0.0006926600 -0.0000309250 FLYING
6.6100000000 2999.8657442987 0.0212008713 2999.8694920217 3000.0000000000 0.0000000000 3000.0000000000 -0.0018109609 -0.0000764402 FLYING
6.6200000000 3004.0648299469 -0.6316746301 3003.6300024507 3000.0000000000 0.0000000000 3000.0000000000 -0.0206992660 -0.0010696130 SUCCESSFUL_INTERCEPT
