TIME COMMAND DEFL
0.0 0.0 0.0
0.0033333333333333335 -1 0.0
0.006666666666666667 -1 -0.0022797266319526006
0.01 -1 -0.006833982742341368
0.013333333333333334 -1 -0.011372659240270115
0.016666666666666666 -1 -0.01589060633756913
0.02 -1 -0.020387906808862537
0.023333333333333334 -1 -0.024864654980180177
0.02666666666666667 -1 -0.029320944773810816
0.030000000000000002 -1 -0.03375686968288852
0.03333333333333333 -1 -0.03817252277329142
0.03666666666666667 -1 -0.04256799668559409
0.04 -1 -0.046943383637011185
0.043333333333333335 -1 -0.0512987754233321
0.04666666666666667 -1 -0.055634263420846916
0.05 -1 -0.05994993858826342
0.05333333333333334 -1 -0.06424589146861547
0.05666666666666667 -1 -0.06852221219116254
0.060000000000000005 -1 -0.07277899047328071
0.06333333333333334 -1 -0.07701631562234484
0.06666666666666667 -1 -0.08123427653760236
0.06999999999999999 -1 -0.08543296171203826
0.07333333333333332 -1 -0.08961245923423176
0.07666666666666665 -1 -0.0937728567902044
0.07999999999999997 -1 -0.09791424166525965
0.0833333333333333 -1 -0.10203670074581421
0.08666666666666663 -1 -0.10614032052122087
0.08999999999999996 -1 -0.11022518708558304
0.09333333333333328 -1 -0.11429138613956107
0.09666666666666661 -1 -0.11833900299217016
0.09999999999999994 -1 -0.12236812256257026
0.10333333333333326 -1 -0.12637882938184755
0.10666666666666659 -1 -0.13037120759478804
0.10999999999999992 -1 -0.1343453409616428
0.11333333333333324 -1 -0.13830131285988534
0.11666666666666657 -1 -0.14223920628596085
0.1199999999999999 -1 -0.14615910385702746
0.12333333333333323 -1 -0.15006108781268956
0.12666666666666657 -1 -0.15394524001672322
0.1299999999999999 -1 -0.1578116419587936
0.13333333333333322 -1 -0.1616603747561647
0.13666666666666655 -1 -0.16549151915540122
0.13999999999999987 -1 -0.1693051555340625
0.1433333333333332 -1 -0.17310136390238895
0.14666666666666653 -1 -0.17688022390498068
0.14999999999999986 -1 -0.18064181482246836
0.15333333333333318 -1 -0.1843862155731766
0.1566666666666665 -1 -0.18811350471477967
0.15999999999999984 -1 -0.1918237604459495
0.16333333333333316 -1 -0.19551706060799656
0.1666666666666665 -1 -0.1991934826865027
0.16999999999999982 -1 -0.20285310381294694
0.17333333333333314 -1 -0.2064960007663237
0.17666666666666647 -1 -0.2101222499747536
0.1799999999999998 -1 -0.21373192751708686
0.18333333333333313 -1 -0.21732510912449954
0.18666666666666645 -1 -0.22090187018208235
0.18999999999999978 -1 -0.2244622857304222
0.1933333333333331 -1 -0.22800643046717659
0.19666666666666643 -1 -0.23153437874864072
0.19999999999999976 -1 -0.23504620459130757
0.2033333333333331 -1 -0.2385419816734207
0.20666666666666642 -1 -0.24202178333652005
0.20999999999999974 -1 -0.24548568258698067
0.21333333333333307 -1 -0.24893375209754434
0.2166666666666664 -1 -0.2523660642088443
0.21999999999999972 -1 -0.2557826909309229
0.22333333333333305 -1 -0.2591837039447424
0.22666666666666638 -1 -0.2625691746036889
0.2299999999999997 -1 -0.26593917393506933
0.23333333333333303 -1 -0.2692937726416014
0.23666666666666636 -1 -0.2726330411028973
0.23999999999999969 -1 -0.27595704937694
0.243333333333333 -1 -0.279265867201553
0.24666666666666634 -1 -0.2825595639958638
0.24999999999999967 -1 -0.28583820886176
0.253333333333333 -1 -0.2891018705853391
0.2566666666666664 -1 -0.2923506176383518
0.25999999999999973 -1 -0.2955845181796383
0.2633333333333331 -1 -0.2988036400565586
0.26666666666666644 -1 -0.30200805080641546
0.2699999999999998 -1 -0.30519781765787185
0.27333333333333315 -1 -0.30837300753236113
0.2766666666666665 -1 -0.311533687045491
0.27999999999999986 -1 -0.31467992250844135
0.2833333333333332 -1 -0.3178117799293553
0.28666666666666657 -1 -0.320929325014724
0.2899999999999999 -1 -0.32403262317076537
0.2933333333333333 -1 -0.32712173950479606
0.29666666666666663 -1 -0.33019673882659767
0.3 -1 -0.33325768564977626
0.30333333333333334 -1 -0.3363046441931159
0.3066666666666667 -1 -0.339337678381926
0.31000000000000005 -1 -0.3423568518493826
0.3133333333333334 -1 -0.34536222793786303
0.31666666666666676 -1 -0.3483538697002753
0.3200000000000001 -1 -0.3513318399013806
0.3233333333333335 -1 -0.35429620101911025
0.3266666666666668 -1 -0.3572470152458765
0.3300000000000002 -1 -0.3601843444898772
0.33333333333333354 -1 -0.3631082503763948
0.3366666666666669 -1 -0.3660187942490893
0.34000000000000025 -1 -0.3689160371712849
0.3433333333333336 -1 -0.37180003992725147
0.34666666666666696 -1 -0.3746708630234797
0.3500000000000003 -1 -0.3775285666899504
0.35333333333333367 -1 -0.3803732108813983
0.356666666666667 -1 -0.3832048552785699
0.3600000000000004 -1 -0.38602355928947535
0.36333333333333373 -1 -0.3888293820506351
0.3666666666666671 -1 -0.3916223824283205
0.37000000000000044 -1 -0.3944026190197886
0.3733333333333338 -1 -0.397170150154512
0.37666666666666715 -1 -0.39992503389540207
0.3800000000000005 -1 -0.40266732804002753
0.38333333333333386 -1 -0.4053970901218268
0.3866666666666672 -1 -0.4081143774113151
0.39000000000000057 -1 -0.41081924691728616
0.3933333333333339 -1 -0.413511755388008
0.3966666666666673 -1 -0.41619195931241365
0.40000000000000063 -1 -0.4188599149212863
0.403333333333334 -1 -0.42151567818843905
0.40666666666666734 -1 -0.424159304831889
0.4100000000000007 -1 -0.4267908503150267
0.41333333333333405 -1 -0.4294103698477793
0.4166666666666674 -1 -0.43201791838776904
0.42000000000000076 -1 -0.43461355064146634
0.4233333333333341 -1 -0.4371973210653374
0.42666666666666747 -1 -0.43976928386698677
0.4300000000000008 -1 -0.4423294930062947
0.4333333333333342 -1 -0.44487800219654905
0.43666666666666754 -1 -0.44741486490557236
0.4400000000000009 -1 -0.4499401343568435
0.44333333333333425 -1 -0.45245386353061434
0.4466666666666676 -1 -0.45495610516502133
0.45000000000000095 -1 -0.4574469117571918
0.4533333333333343 -1 -0.45992633556434553
0.45666666666666766 -1 -0.462394428604891
0.460000000000001 -1 -0.4648512426595167
0.4633333333333344 -1 -0.46729682927227767
0.46666666666666773 -1 -0.4697312397516767
0.4700000000000011 -1 -0.47215452517174084
0.47333333333333444 -1 -0.4745667363730931
0.4766666666666678 -1 -0.47696792396401877
0.48000000000000115 -1 -0.47935813832152746
0.4833333333333345 -1 -0.48173742959240995
0.48666666666666786 -1 -0.48410584769429016
0.4900000000000012 -1 -0.4864634423166725
0.49333333333333457 -1 -0.4888102629219844
0.4966666666666679 -1 -0.49114635874661394
0.5000000000000012 -1 -0.49347177880194293
0.5033333333333345 -1 -0.4957865718753751
0.5066666666666678 -1 -0.49809078653135974
0.5100000000000011 -1 -0.5003844711124104
0.5133333333333344 -1 -0.5026676737401193
0.5166666666666677 -1 -0.5049404423161671
0.520000000000001 -1 -0.5072028245233272
0.5233333333333343 -1 -0.5094548678264669
0.5266666666666676 -1 -0.5116966194735427
0.5300000000000009 -1 -0.513928126496592
0.5333333333333342 -1 -0.5161494357127195
0.5366666666666675 -1 -0.5183605937250794
0.5400000000000008 -1 -0.5205616469238531
0.5433333333333341 -1 -0.522752641487223
0.5466666666666674 -1 -0.5249336233823408
0.5500000000000007 -1 -0.527104638366292
0.553333333333334 -1 -0.5292657319870557
0.5566666666666673 -1 -0.5314169495844607
0.5600000000000006 -1 -0.5335583362911365
0.5633333333333339 -1 -0.5356899370334597
0.5666666666666672 -1 -0.5378117965324974
0.5700000000000005 -1 -0.5399239593049451
0.5733333333333338 -1 -0.5420264696640601
0.5766666666666671 -1 -0.5441193717205921
0.5800000000000004 -1 -0.5462027093837082
0.5833333333333337 -1 -0.5482765263619139
0.586666666666667 -1 -0.5503408661639707
0.5900000000000003 -1 -0.5523957720998083
0.5933333333333336 -1 -0.5544412872814337
0.5966666666666669 -1 -0.5564774546238354
0.6000000000000002 -1 -0.5585043168458839
0.6033333333333335 -1 -0.5605219164712278
0.6066666666666668 -1 -0.5625302958291865
0.6100000000000001 -1 -0.5645294970556372
0.6133333333333334 -1 -0.5665195620938999
0.6166666666666667 -1 -0.568500532695617
0.62 -1 -0.5704724504216291
0.6233333333333333 -1 -0.5724353566428474
0.6266666666666666 -1 -0.5743892925411211
0.6299999999999999 -1 -0.5763342991101019
0.6333333333333332 -1 -0.5782704171561037
0.6366666666666665 -1 -0.5801976872989588
0.6399999999999998 -1 -0.5821161499728702
