tof posE posN posU tgtE tgtN tgtU alpha beta lethality
0.0100000000 0.0001639990 -0.0000596907 0.0099984770 -2000.0000000000 0.0000000000 3000.0000000000 0.0010714738 0.0000000000 FLYING
0.0200000000 0.0004414537 -0.0001606760 0.0259353794 -2000.0000000000 0.0000000000 3000.0000000000 0.0006268739 -0.0000000000 FLYING
0.0300000000 0.0009602523 -0.0003495032 0.0547593538 -2000.0000000000 0.0000000000 3000.0000000000 0.0003793758 0.0000000000 FLYING
0.0400000000 0.0018539362 -0.0006747776 0.1034469199 -2000.0000000000 0.0000000000 3000.0000000000 0.0002418864 0.0000000000 FLYING
0.0500000000 0.0032579795 -0.0011858076 0.1790026936 -2000.0000000000 0.0000000000 3000.0000000000 0.0002118745 0.0000000000 FLYING
0.0600000000 0.0047902081 -0.0017434932 0.2605821147 -2000.0000000000 0.0000000000 3000.0000000000 0.0001482350 0.0000000000 FLYING
0.0700000000 0.0069785098 -0.0025399699 0.3762343307 -2000.0000000000 0.0000000000 3000.0000000000 0.0000988419 0.0000000000 FLYING
0.0800000000 0.0098286975 -0.0035773533 0.5261312498 -2000.0000000000 0.0000000000 3000.0000000000 0.0000627593 -0.0000000000 FLYING
0.0900000000 0.0133441738 -0.0048568821 0.7104450925 -2000.0000000000 0.0000000000 3000.0000000000 0.0000337935 -0.0000000000 FLYING
0.1000000000 0.0175263399 -0.0063790660 0.9293483828 -2000.0000000000 0.0000000000 3000.0000000000 0.0000090681 -0.0000000000 FLYING
0.1100000000 0.0223748045 -0.0081437628 1.1830139425 -2000.0000000000 0.0000000000 3000.0000000000 -0.0000129356 -0.0000000000 FLYING
0.1200000000 0.0278875009 -0.0101502202 1.4716148885 -2000.0000000000 0.0000000000 3000.0000000000 -0.0000330963 -0.0000000000 FLYING
0.1300000000 0.0340607546 -0.0123971008 1.7953246299 -2000.0000000000 0.0000000000 3000.0000000000 -0.0000519572 -0.0000000000 FLYING
0.1400000000 0.0408893228 -0.0148824964 2.1543168665 -2000.0000000000 0.0000000000 3000.0000000000 -0.0000698730 -0.0000000000 FLYING
0.1500000000 0.0483664164 -0.0176039359 2.5487655865 -2000.0000000000 0.0000000000 3000.0000000000 -0.0000870848 -0.0000000000 FLYING
0.1600000000 0.0564837109 -0.0205583895 2.9788450650 -2000.0000000000 0.0000000000 3000.0000000000 -0.0001037623 -0.0000000000 FLYING
0.1700000000 0.0652313487 -0.0237422693 3.4447298625 -2000.0000000000 0.0000000000 3000.0000000000 -0.0001200287 -0.0000000002 FLYING
0.1800000000 0.0745979364 -0.0271514285 3.9465948229 -2000.0000000000 0.0000000000 3000.0000000000 -0.0001359751 -0.0000000007 FLYING
0.1900000000 0.0845705381 -0.0307811592 4.4846150722 -2000.0000000000 0.0000000000 3000.0000000000 -0.0001516711 -0.0000000033 FLYING
0.2000000000 0.0951346648 -0.0346261895 5.0589660164 -2000.0000000000 0.0000000000 3000.0000000000 -0.0001671700 -0.0000000140 FLYING
0.2100000000 0.1062742611 -0.0386806827 5.6698233396 -2000.0000000000 0.0000000000 3000.0000000000 -0.0001825137 -0.0000000578 FLYING
0.2200000000 0.1179716850 -0.0429382491 6.3173630026 -2000.0000000000 0.0000000000 3000.0000000000 -0.0001977357 -0.0000002328 FLYING
0.2300000000 0.1302076680 -0.0473920069 7.0017612402 -2000.0000000000 0.0000000000 3000.0000000000 -0.0002128621 -0.0000009185 FLYING
0.2400000000 0.1429611989 -0.0520348515 7.7231945591 -2000.0000000000 0.0000000000 3000.0000000000 -0.0002279125 -0.0000035606 FLYING
0.2500000000 0.1562091083 -0.0568605467 8.4818397360 -2000.0000000000 0.0000000000 3000.0000000000 -0.0002428946 -0.0000135961 FLYING
0.2600000000 0.1699244830 -0.0618680418 9.2778738145 -2000.0000000000 0.0000000000 3000.0000000000 -0.0002577818 -0.0000510675 FLYING
0.2700000000 0.1840705864 -0.0670781222 10.1114741020 -2000.0000000000 0.0000000000 3000.0000000000 -0.0002724224 -0.0001048938 FLYING
0.2800000000 0.1986026920 -0.0725277845 10.9828125138 -2000.0000000000 0.0000000000 3000.0000000000 -0.0002866933 -0.0001115271 FLYING
0.2900000000 0.2134864638 -0.0782176369 11.8920103631 -2000.0000000000 0.0000000000 3000.0000000000 -0.0003008079 -0.0001185865 FLYING
0.3000000000 0.2286856634 -0.0841483411 12.8391892186 -2000.0000000000 0.0000000000 3000.0000000000 -0.0003147580 -0.0001260060 FLYING
0.3100000000 0.2441621613 -0.0903205337 13.8244709035 -2000.0000000000 0.0000000000 3000.0000000000 -0.0003285304 -0.0001338220 FLYING
0.3200000000 0.2598759204 -0.0967348273 14.8479774923 -2000.0000000000 0.0000000000 3000.0000000000 -0.0003421077 -0.0001420749 FLYING
0.3300000000 0.2757849793 -0.1033918104 15.9098313078 -2000.0000000000 0.0000000000 3000.0000000000 -0.0003554677 -0.0001508100 FLYING
0.3400000000 0.2918454356 -0.1102920482 17.0101549181 -2000.0000000000 0.0000000000 3000.0000000000 -0.0003685826 -0.0001600781 FLYING
0.3500000000 0.3080114279 -0.1174360830 18.1490711332 -2000.0000000000 0.0000000000 3000.0000000000 -0.0003814185 -0.0001699367 FLYING
0.3600000000 0.3242351188 -0.1248244339 19.3267030011 -2000.0000000000 0.0000000000 3000.0000000000 -0.0003939336 -0.0001804506 FLYING
0.3700000000 0.3404666770 -0.1324575978 20.5431738046 -2000.0000000000 0.0000000000 3000.0000000000 -0.0004060770 -0.0001916932 FLYING
0.3800000000 0.3566542589 -0.1403360492 21.7986070571 -2000.0000000000 0.0000000000 3000.0000000000 -0.0004177867 -0.0002037476 FLYING
0.3900000000 0.3727439906 -0.1484602407 23.0931264984 -2000.0000000000 0.0000000000 3000.0000000000 -0.0004289868 -0.0002167086 FLYING
0.4000000000 0.3886799495 -0.1568306029 24.4268560906 -2000.0000000000 0.0000000000 3000.0000000000 -0.0004395844 -0.0002306838 FLYING
0.4100000000 0.4044041453 -0.1654475453 25.7999200136 -2000.0000000000 0.0000000000 3000.0000000000 -0.0004494655 -0.0002457955 FLYING
0.4200000000 0.4198565014 -0.1743114563 27.2124426602 -2000.0000000000 0.0000000000 3000.0000000000 -0.0004584891 -0.0002621831 FLYING
0.4300000000 0.4349748361 -0.1834227035 28.6645486316 -2000.0000000000 0.0000000000 3000.0000000000 -0.0004664806 -0.0002800045 FLYING
0.4400000000 0.4496948427 -0.1927816347 30.1563627317 -2000.0000000000 0.0000000000 3000.0000000000 -0.0004732223 -0.0002994378 FLYING
0.4500000000 0.4639500708 -0.2023885779 31.6880099623 -2000.0000000000 0.0000000000 3000.0000000000 -0.0004784418 -0.0003206825 FLYING
0.4600000000 0.4776719065 -0.2122438428 33.2596155174 -2000.0000000000 0.0000000000 3000.0000000000 -0.0004817967 -0.0003439587 FLYING
0.4700000000 0.4907895525 -0.2223477215 34.8713047772 -2000.0000000000 0.0000000000 3000.0000000000 -0.0004828555 -0.0003695041 FLYING
0.4800000000 0.5032300082 -0.2327004898 36.5232033027 -2000.0000000000 0.0000000000 3000.0000000000 -0.0004810729 -0.0003975657 FLYING
0.4900000000 0.5149180495 -0.2433024089 38.2154368287 -2000.0000000000 0.0000000000 3000.0000000000 -0.0004757617 -0.0004283834 FLYING
0.5000000000 0.5257762082 -0.2541537278 39.9481312580 -2000.0000000000 0.0000000000 3000.0000000000 -0.0004660592 -0.0004621605 FLYING
0.5100000000 0.5357247511 -0.2652546850 41.7214126546 -2000.0000000000 0.0000000000 3000.0000000000 -0.0004508952 -0.0004990138 FLYING
0.5200000000 0.5446816582 -0.2766055119 43.5354072365 -2000.0000000000 0.0000000000 3000.0000000000 -0.0004289696 -0.0005388930 FLYING
0.5300000000 0.5525626007 -0.2882064348 45.3902413686 -2000.0000000000 0.0000000000 3000.0000000000 -0.0003987601 -0.0005814624 FLYING
0.5400000000 0.5592809182 -0.3000576768 47.2860415557 -2000.0000000000 0.0000000000 3000.0000000000 -0.0003585953 -0.0006259437 FLYING
0.5500000000 0.5647475564 -0.3121593896 49.2229234859 -2000.0000000000 0.0000000000 3000.0000000000 -0.0003068363 -0.0006709356 FLYING
0.5600000000 0.5688709914 -0.3245114441 51.2009590825 -2000.0000000000 0.0000000000 3000.0000000000 -0.0002422032 -0.0007142292 FLYING
0.5700000000 0.5715574644 -0.3371136952 53.2202202321 -2000.0000000000 0.0000000000 3000.0000000000 -0.0001643225 -0.0007528899 FLYING
0.5800000000 0.5727109728 -0.3499659672 55.2807787766 -2000.0000000000 0.0000000000 3000.0000000000 -0.0000742570 -0.0007835543 FLYING
0.5900000000 0.5722332745 -0.3630680203 57.3827040883 -2000.0000000000 0.0000000000 3000.0000000000 0.0000251689 -0.0008031320 FLYING
0.6000000000 0.5700239037 -0.3764195300 59.5260622498 -2000.0000000000 0.0000000000 3000.0000000000 0.0000985252 -0.0008096892 FLYING
0.6100000000 0.5659912543 -0.3899531132 61.7109192295 -2000.0000000000 0.0000000000 3000.0000000000 0.0002347096 -0.0008029195 FLYING
0.6200000000 0.5600194214 -0.4037344759 63.9373395805 -2000.0000000000 0.0000000000 3000.0000000000 0.0003347529 -0.0007845216 FLYING
0.6300000000 0.5520013620 -0.4177627023 66.2053876827 -2000.0000000000 0.0000000000 3000.0000000000 0.0004270938 -0.0007573264 FLYING
0.6400000000 0.5418276621 -0.4320372511 68.5151272867 -2000.0000000000 0.0000000000 3000.0000000000 0.0005099383 -0.0007245104 FLYING
0.6500000000 0.5293866279 -0.4465575611 70.8666214916 -2000.0000000000 0.0000000000 3000.0000000000 0.0005830614 -0.0006889003 FLYING
0.6600000000 0.5145642666 -0.4613230554 73.2599327161 -2000.0000000000 0.0000000000 3000.0000000000 0.0006471267 -0.0006526562 FLYING
0.6700000000 0.4972442741 -0.4763331387 75.6951226701 -2000.0000000000 0.0000000000 3000.0000000000 0.0007032335 -0.0006172389 FLYING
0.6800000000 0.4773080272 -0.4915871920 78.1722523257 -2000.0000000000 0.0000000000 3000.0000000000 0.0007525992 -0.0005835264 FLYING
0.6900000000 0.4546345787 -0.5070845693 80.6913818868 -2000.0000000000 0.0000000000 3000.0000000000 0.0007963803 -0.0005519725 FLYING
0.7000000000 0.4291006529 -0.5228245948 83.2525707599 -2000.0000000000 0.0000000000 3000.0000000000 0.0008355922 -0.0005227487 FLYING
0.7100000000 0.4005806421 -0.5388065622 85.8558775229 -2000.0000000000 0.0000000000 3000.0000000000 0.0008710882 -0.0004958525 FLYING
0.7200000000 0.3689466026 -0.5550297339 88.5013598945 -2000.0000000000 0.0000000000 3000.0000000000 0.0009035675 -0.0004711826 FLYING
0.7300000000 0.3340682497 -0.5714933411 91.1890747029 -2000.0000000000 0.0000000000 3000.0000000000 0.0009335948 -0.0004485874 FLYING
0.7400000000 0.2958129543 -0.5881965843 93.9190778536 -2000.0000000000 0.0000000000 3000.0000000000 0.0009616232 -0.0004278946 FLYING
0.7500000000 0.2540457376 -0.6051386331 96.6914242973 -2000.0000000000 0.0000000000 3000.0000000000 0.0009880155 -0.0004089291 FLYING
0.7600000000 0.2086292671 -0.6223186264 99.5061679975 -2000.0000000000 0.0000000000 3000.0000000000 0.0010130621 -0.0003915227 FLYING
0.7700000000 0.1594238525 -0.6397356726 102.3633618968 -2000.0000000000 0.0000000000 3000.0000000000 0.0010369962 -0.0003755192 FLYING
0.7800000000 0.1062874415 -0.6573888495 105.2630578838 -2000.0000000000 0.0000000000 3000.0000000000 0.0010600024 -0.0003607748 FLYING
0.7900000000 0.0490756623 -0.6752771938 108.2053049612 -2000.0000000000 0.0000000000 3000.0000000000 0.0010822187 -0.0003471564 FLYING
0.8000000000 -0.0123579889 -0.6933996617 111.1901424684 -2000.0000000000 0.0000000000 3000.0000000000 0.0011037811 -0.0003345550 FLYING
0.8100000000 -0.0781623188 -0.7117551749 114.2176079440 -2000.0000000000 0.0000000000 3000.0000000000 0.0011247958 -0.0003228703 FLYING
0.8200000000 -0.1484881445 -0.7303425392 117.2877237083 -2000.0000000000 0.0000000000 3000.0000000000 0.0011453480 -0.0003120122 FLYING
0.8300000000 -0.2234878026 -0.7491603369 120.4004789004 -2000.0000000000 0.0000000000 3000.0000000000 0.0011654819 -0.0003018940 FLYING
0.8400000000 -0.3033157021 -0.7682071160 123.5558605936 -2000.0000000000 0.0000000000 3000.0000000000 0.0011852544 -0.0002924456 FLYING
0.8500000000 -0.3881283117 -0.7874813906 126.7538537491 -2000.0000000000 0.0000000000 3000.0000000000 0.0012047124 -0.0002836048 FLYING
0.8600000000 -0.4780841446 -0.8069816405 129.9944411703 -2000.0000000000 0.0000000000 3000.0000000000 0.0012238675 -0.0002753089 FLYING
0.8700000000 -0.5733436493 -0.8267063155 133.2776034655 -2000.0000000000 0.0000000000 3000.0000000000 0.0012426726 -0.0002674893 FLYING
0.8800000000 -0.6740689137 -0.8466538486 136.6033190300 -2000.0000000000 0.0000000000 3000.0000000000 0.0012612566 -0.0002601317 FLYING
0.8900000000 -0.7804239826 -0.8668226384 139.9715639685 -2000.0000000000 0.0000000000 3000.0000000000 0.0012796424 -0.0002531964 FLYING
0.9000000000 -0.8925748350 -0.8872110492 143.3823120494 -2000.0000000000 0.0000000000 3000.0000000000 0.0012978500 -0.0002466483 FLYING
0.9100000000 -1.0106893640 -0.9078174112 146.8355346602 -2000.0000000000 0.0000000000 3000.0000000000 0.0013158968 -0.0002404558 FLYING
0.9200000000 -1.1349373555 -0.9286400200 150.3312007618 -2000.0000000000 0.0000000000 3000.0000000000 0.0013337971 -0.0002345906 FLYING
0.9300000000 -1.2654904660 -0.9496771368 153.8692768435 -2000.0000000000 0.0000000000 3000.0000000000 0.0013515636 -0.0002290272 FLYING
0.9400000000 -1.4025221999 -0.9709269883 157.4497268788 -2000.0000000000 0.0000000000 3000.0000000000 0.0013692753 -0.0002237554 FLYING
0.9500000000 -1.5462084783 -0.9923878094 161.0725208590 -2000.0000000000 0.0000000000 3000.0000000000 0.0013871087 -0.0002187829 FLYING
0.9600000000 -1.6967291413 -1.0140579462 164.7376553038 -2000.0000000000 0.0000000000 3000.0000000000 0.0014048633 -0.0002140485 FLYING
0.9700000000 -1.8542661806 -1.0359357184 168.4451259140 -2000.0000000000 0.0000000000 3000.0000000000 0.0014225491 -0.0002095359 FLYING
0.9800000000 -2.0190037468 -1.0580194188 172.1949275578 -2000.0000000000 0.0000000000 3000.0000000000 0.0014401729 -0.0002052295 FLYING
0.9900000000 -2.1911281465 -1.0803073135 175.9870542564 -2000.0000000000 0.0000000000 3000.0000000000 0.0014577404 -0.0002011154 FLYING
1.0000000000 -2.3708278398 -1.1027976412 179.8214991711 -2000.0000000000 0.0000000000 3000.0000000000 0.0014752569 -0.0001971807 FLYING
1.0100000000 -2.5582934376 -1.1254886136 183.6982545890 -2000.0000000000 0.0000000000 3000.0000000000 0.0014927270 -0.0001934138 FLYING
1.0200000000 -2.7537176986 -1.1483784153 187.6173119092 -2000.0000000000 0.0000000000 3000.0000000000 0.0015101546 -0.0001898039 FLYING
1.0300000000 -2.9572955260 -1.1714652037 191.5786616289 -2000.0000000000 0.0000000000 3000.0000000000 0.0015275434 -0.0001863412 FLYING
1.0400000000 -3.1692239645 -1.1947471086 195.5822933285 -2000.0000000000 0.0000000000 3000.0000000000 0.0015448965 -0.0001830166 FLYING
1.0500000000 -3.3897021969 -1.2182222327 199.6281956579 -2000.0000000000 0.0000000000 3000.0000000000 0.0015622166 -0.0001798218 FLYING
1.0600000000 -3.6189315396 -1.2418886511 203.7163563215 -2000.0000000000 0.0000000000 3000.0000000000 0.0015795199 -0.0001767516 FLYING
1.0700000000 -3.8571155012 -1.2657444078 207.8467621314 -2000.0000000000 0.0000000000 3000.0000000000 0.0015968357 -0.0001738032 FLYING
1.0800000000 -4.1044599023 -1.2897875085 212.0193991237 -2000.0000000000 0.0000000000 3000.0000000000 0.0016141267 -0.0001709629 FLYING
1.0900000000 -4.3611726528 -1.3140159268 216.2342515643 -2000.0000000000 0.0000000000 3000.0000000000 0.0016313944 -0.0001682247 FLYING
1.1000000000 -4.6274637164 -1.3384276013 220.4913015376 -2000.0000000000 0.0000000000 3000.0000000000 0.0016486409 -0.0001655830 FLYING
1.1100000000 -4.9035451768 -1.3630204427 224.7905301118 -2000.0000000000 0.0000000000 3000.0000000000 0.0016658674 -0.0001630326 FLYING
1.1200000000 -5.1896312318 -1.3877923335 229.1319173224 -2000.0000000000 0.0000000000 3000.0000000000 0.0016830751 -0.0001605688 FLYING
1.1300000000 -5.4859381892 -1.4127411280 233.5154421577 -2000.0000000000 0.0000000000 3000.0000000000 0.0017002652 -0.0001581870 FLYING
1.1400000000 -5.7926844617 -1.4378646522 237.9410825420 -2000.0000000000 0.0000000000 3000.0000000000 0.0017174385 -0.0001558831 FLYING
1.1500000000 -6.1100905612 -1.4631607039 242.4088153201 -2000.0000000000 0.0000000000 3000.0000000000 0.0017345958 -0.0001536531 FLYING
1.1600000000 -6.4383790933 -1.4886270522 246.9186162413 -2000.0000000000 0.0000000000 3000.0000000000 0.0017517379 -0.0001514935 FLYING
1.1700000000 -6.7777747520 -1.5142614382 251.4704599428 -2000.0000000000 0.0000000000 3000.0000000000 0.0017688654 -0.0001494008 FLYING
1.1800000000 -7.1285043130 -1.5400615743 256.0643199335 -2000.0000000000 0.0000000000 3000.0000000000 0.0017859787 -0.0001473718 FLYING
1.1900000000 -7.4907966279 -1.5660251442 260.7001685777 -2000.0000000000 0.0000000000 3000.0000000000 0.0018030784 -0.0001454036 FLYING
1.2000000000 -7.8648826175 -1.5921498034 265.3779770784 -2000.0000000000 0.0000000000 3000.0000000000 0.0018201647 -0.0001434933 FLYING
1.2100000000 -8.2509952650 -1.6184331784 270.0977154603 -2000.0000000000 0.0000000000 3000.0000000000 0.0018372380 -0.0001416383 FLYING
1.2200000000 -8.6493696090 -1.6448728672 274.8593525533 -2000.0000000000 0.0000000000 3000.0000000000 0.0018542985 -0.0001398361 FLYING
1.2300000000 -9.0602427361 -1.6714664391 279.6628559756 -2000.0000000000 0.0000000000 3000.0000000000 0.0018713464 -0.0001380844 FLYING
1.2400000000 -9.4838537734 -1.6982114346 284.5081921163 -2000.0000000000 0.0000000000 3000.0000000000 0.0018883817 -0.0001363810 FLYING
1.2500000000 -9.9204438807 -1.7251053653 289.3953261185 -2000.0000000000 0.0000000000 3000.0000000000 0.0019054046 -0.0001347239 FLYING
1.2600000000 -10.3702562422 -1.7521457140 294.3242218617 -2000.0000000000 0.0000000000 3000.0000000000 0.0019224149 -0.0001331111 FLYING
1.2700000000 -10.8335360581 -1.7793299347 299.2948419450 -2000.0000000000 0.0000000000 3000.0000000000 0.0019394128 -0.0001315407 FLYING
1.2800000000 -11.3105305360 -1.8066554525 304.3071476692 -2000.0000000000 0.0000000000 3000.0000000000 0.0019563980 -0.0001300110 FLYING
1.2900000000 -11.8014888819 -1.8341196634 309.3610990192 -2000.0000000000 0.0000000000 3000.0000000000 0.0019733706 -0.0001285204 FLYING
1.3000000000 -12.3066622906 -1.8617199345 314.4566546465 -2000.0000000000 0.0000000000 3000.0000000000 0.0019903302 -0.0001270673 FLYING
1.3100000000 -12.8263039364 -1.8894536040 319.5937718516 -2000.0000000000 0.0000000000 3000.0000000000 0.0020072768 -0.0001256502 FLYING
1.3200000000 -13.3606689631 -1.9173179810 324.7724065659 -2000.0000000000 0.0000000000 3000.0000000000 0.0020242101 -0.0001242678 FLYING
1.3300000000 -13.9100144736 -1.9453103455 329.9925133339 -2000.0000000000 0.0000000000 3000.0000000000 0.0020411298 -0.0001229187 FLYING
1.3400000000 -14.4745995195 -1.9734279484 335.2540452953 -2000.0000000000 0.0000000000 3000.0000000000 0.0020580356 -0.0001216016 FLYING
1.3500000000 -15.0546850899 -2.0016680118 340.5569541671 -2000.0000000000 0.0000000000 3000.0000000000 0.0020749281 -0.0001203154 FLYING
1.3600000000 -15.6505340532 -2.0300277258 345.9011897583 -2000.0000000000 0.0000000000 3000.0000000000 0.0020918067 -0.0001190590 FLYING
1.3700000000 -16.2624111401 -2.0585042491 351.2866999504 -2000.0000000000 0.0000000000 3000.0000000000 0.0021086699 -0.0001178313 FLYING
1.3800000000 -16.8905829761 -2.0870947114 356.7134311458 -2000.0000000000 0.0000000000 3000.0000000000 0.0021254547 -0.0001166269 FLYING
1.3900000000 -17.5353172803 -2.1157962008 362.1813245113 -2000.0000000000 0.0000000000 3000.0000000000 0.0021421347 -0.0001154435 FLYING
1.4000000000 -18.1968824831 -2.1446057595 367.6903144616 -2000.0000000000 0.0000000000 3000.0000000000 0.0021587907 -0.0001142859 FLYING
1.4100000000 -18.8755487169 -2.1735204006 373.2403335983 -2000.0000000000 0.0000000000 3000.0000000000 0.0021754210 -0.0001131531 FLYING
1.4200000000 -19.5715877907 -2.2025371076 378.8313126904 -2000.0000000000 0.0000000000 3000.0000000000 0.0021920250 -0.0001120443 FLYING
1.4300000000 -20.2852731690 -2.2316528354 384.4631806533 -2000.0000000000 0.0000000000 3000.0000000000 0.0022086019 -0.0001109586 FLYING
1.4400000000 -21.0168799521 -2.2608645097 390.1358645286 -2000.0000000000 0.0000000000 3000.0000000000 0.0022251510 -0.0001098952 FLYING
1.4500000000 -21.7666848541 -2.2901690274 395.8492894633 -2000.0000000000 0.0000000000 3000.0000000000 0.0022416714 -0.0001088535 FLYING
1.4600000000 -22.5349661814 -2.3195632565 401.6033786894 -2000.0000000000 0.0000000000 3000.0000000000 0.0022581626 -0.0001078327 FLYING
1.4700000000 -23.3220038105 -2.3490440361 407.3980535037 -2000.0000000000 0.0000000000 3000.0000000000 0.0022746235 -0.0001068321 FLYING
1.4800000000 -24.1280791653 -2.3786081770 413.2332332472 -2000.0000000000 0.0000000000 3000.0000000000 0.0022910534 -0.0001058511 FLYING
1.4900000000 -24.9534751938 -2.4082524610 419.1088352854 -2000.0000000000 0.0000000000 3000.0000000000 0.0023074515 -0.0001048891 FLYING
1.5000000000 -25.7984763440 -2.4379736415 425.0247749876 -2000.0000000000 0.0000000000 3000.0000000000 0.0023238169 -0.0001039455 FLYING
1.5100000000 -26.6633685399 -2.4677684438 430.9809657077 -2000.0000000000 0.0000000000 3000.0000000000 0.0023401486 -0.0001030196 FLYING
1.5200000000 -27.5484391568 -2.4976335645 436.9773187635 -2000.0000000000 0.0000000000 3000.0000000000 0.0023564458 -0.0001021110 FLYING
1.5300000000 -28.4539769954 -2.5275656723 443.0137434176 -2000.0000000000 0.0000000000 3000.0000000000 0.0023727074 -0.0001012191 FLYING
1.5400000000 -29.3802722562 -2.5575614076 449.0901468577 -2000.0000000000 0.0000000000 3000.0000000000 0.0023889327 -0.0001003434 FLYING
1.5500000000 -30.3276165129 -2.5876173831 455.2064341771 -2000.0000000000 0.0000000000 3000.0000000000 0.0024051205 -0.0000994835 FLYING
1.5600000000 -31.2963026856 -2.6177301835 461.3625083555 -2000.0000000000 0.0000000000 3000.0000000000 0.0024212699 -0.0000986388 FLYING
1.5700000000 -32.2866250129 -2.6478963660 467.5582702400 -2000.0000000000 0.0000000000 3000.0000000000 0.0024373798 -0.0000978089 FLYING
1.5800000000 -33.2988790239 -2.6781124600 473.7936185261 -2000.0000000000 0.0000000000 3000.0000000000 0.0024534492 -0.0000969935 FLYING
1.5900000000 -34.3333615096 -2.7083749679 480.0684497390 -2000.0000000000 0.0000000000 3000.0000000000 0.0024694771 -0.0000961920 FLYING
1.6000000000 -35.3903704935 -2.7386803645 486.3826582155 -2000.0000000000 0.0000000000 3000.0000000000 0.0024854624 -0.0000954040 FLYING
1.6100000000 -36.4702052020 -2.7690250978 492.7361360851 -2000.0000000000 0.0000000000 3000.0000000000 0.0025014039 -0.0000946293 FLYING
1.6200000000 -37.5731660336 -2.7994055888 499.1287732524 -2000.0000000000 0.0000000000 3000.0000000000 0.0025173026 -0.0000938675 FLYING
1.6300000000 -38.6995541844 -2.8298182220 505.5604553379 -2000.0000000000 0.0000000000 3000.0000000000 0.0025331558 -0.0000931181 FLYING
1.6400000000 -39.8496717062 -2.8602593491 512.0310643402 -2000.0000000000 0.0000000000 3000.0000000000 0.0025489606 -0.0000923808 FLYING
1.6500000000 -41.0238216935 -2.8907252957 518.5404799820 -2000.0000000000 0.0000000000 3000.0000000000 0.0025647157 -0.0000916552 FLYING
1.6600000000 -42.2223082504 -2.9212123618 525.0885796932 -2000.0000000000 0.0000000000 3000.0000000000 0.0025804200 -0.0000909411 FLYING
1.6700000000 -43.4454364567 -2.9517168217 531.6752385956 -2000.0000000000 0.0000000000 3000.0000000000 0.0025960723 -0.0000902381 FLYING
1.6800000000 -44.6935123336 -2.9822349244 538.3003294859 -2000.0000000000 0.0000000000 3000.0000000000 0.0026116712 -0.0000895459 FLYING
1.6900000000 -45.9668428089 -3.0127628936 544.9637228211 -2000.0000000000 0.0000000000 3000.0000000000 0.0026272156 -0.0000888642 FLYING
1.7000000000 -47.2657356813 -3.0432969284 551.6652867027 -2000.0000000000 0.0000000000 3000.0000000000 0.0026426754 -0.0000881914 FLYING
1.7100000000 -48.5904993688 -3.0738332079 558.4048867909 -2000.0000000000 0.0000000000 3000.0000000000 0.0026580463 -0.0000875271 FLYING
1.7200000000 -49.9414428432 -3.1043678918 565.1823862836 -2000.0000000000 0.0000000000 3000.0000000000 0.0026733577 -0.0000868726 FLYING
1.7300000000 -51.3188758209 -3.1348971160 571.9976459806 -2000.0000000000 0.0000000000 3000.0000000000 0.0026886079 -0.0000862276 FLYING
1.7400000000 -52.7231087207 -3.1654169928 578.8505242704 -2000.0000000000 0.0000000000 3000.0000000000 0.0027037954 -0.0000855919 FLYING
1.7500000000 -54.1544526259 -3.1959236113 585.7408771175 -2000.0000000000 0.0000000000 3000.0000000000 0.0027189190 -0.0000849652 FLYING
1.7600000000 -55.6132192446 -3.2264130375 592.6685580495 -2000.0000000000 0.0000000000 3000.0000000000 0.0027339771 -0.0000843474 FLYING
1.7700000000 -57.0997208700 -3.2568813148 599.6334181449 -2000.0000000000 0.0000000000 3000.0000000000 0.0027489685 -0.0000837382 FLYING
1.7800000000 -58.6142703399 -3.2873244642 606.6353060213 -2000.0000000000 0.0000000000 3000.0000000000 0.0027638916 -0.0000831374 FLYING
1.7900000000 -60.1571809962 -3.3177384846 613.6740678241 -2000.0000000000 0.0000000000 3000.0000000000 0.0027787452 -0.0000825447 FLYING
1.8000000000 -61.7287666427 -3.3481193531 620.7495472159 -2000.0000000000 0.0000000000 3000.0000000000 0.0027935276 -0.0000819601 FLYING
1.8100000000 -63.3293415034 -3.3784630256 627.8615853656 -2000.0000000000 0.0000000000 3000.0000000000 0.0028082374 -0.0000813832 FLYING
1.8200000000 -64.9592201801 -3.4087654367 635.0100209392 -2000.0000000000 0.0000000000 3000.0000000000 0.0028228731 -0.0000808139 FLYING
1.8300000000 -66.6187176086 -3.4390225003 642.1946900898 -2000.0000000000 0.0000000000 3000.0000000000 0.0028374333 -0.0000802521 FLYING
1.8400000000 -68.3081490155 -3.4692301102 649.4154264495 -2000.0000000000 0.0000000000 3000.0000000000 0.0028519163 -0.0000796975 FLYING
1.8500000000 -70.0278298736 -3.4993841399 656.6720611203 -2000.0000000000 0.0000000000 3000.0000000000 0.0028663207 -0.0000791500 FLYING
1.8600000000 -71.7780758574 -3.5294804433 663.9644226673 -2000.0000000000 0.0000000000 3000.0000000000 0.0028806449 -0.0000786093 FLYING
1.8700000000 -73.5592027972 -3.5595148554 671.2923371108 -2000.0000000000 0.0000000000 3000.0000000000 0.0028948873 -0.0000780755 FLYING
1.8800000000 -75.3715266335 -3.5894831919 678.6556279203 -2000.0000000000 0.0000000000 3000.0000000000 0.0029090464 -0.0000775482 FLYING
1.8900000000 -77.2153633708 -3.6193812503 686.0541160083 -2000.0000000000 0.0000000000 3000.0000000000 0.0029231249 -0.0000770274 FLYING
1.9000000000 -79.0910274758 -3.6492047846 693.4876134280 -2000.0000000000 0.0000000000 3000.0000000000 0.0029371161 -0.0000765129 FLYING
1.9100000000 -80.9988326336 -3.6789495208 700.9559269749 -2000.0000000000 0.0000000000 3000.0000000000 0.0029510156 -0.0000760045 FLYING
1.9200000000 -82.9390923420 -3.7086111690 708.4588608898 -2000.0000000000 0.0000000000 3000.0000000000 0.0029648218 -0.0000755020 FLYING
1.9300000000 -84.9121198626 -3.7381854238 715.9962168562 -2000.0000000000 0.0000000000 3000.0000000000 0.0029785330 -0.0000750053 FLYING
1.9400000000 -86.9182281699 -3.7676679646 723.5677939995 -2000.0000000000 0.0000000000 3000.0000000000 0.0029921476 -0.0000745142 FLYING
1.9500000000 -88.9577299016 -3.7970544560 731.1733888861 -2000.0000000000 0.0000000000 3000.0000000000 0.0030056639 -0.0000740286 FLYING
1.9600000000 -91.0309373074 -3.8263405488 738.8127955241 -2000.0000000000 0.0000000000 3000.0000000000 0.0030190801 -0.0000735484 FLYING
1.9700000000 -93.1381621971 -3.8555218799 746.4858053635 -2000.0000000000 0.0000000000 3000.0000000000 0.0030323946 -0.0000730736 FLYING
1.9800000000 -95.2797158893 -3.8845940731 754.1922072987 -2000.0000000000 0.0000000000 3000.0000000000 0.0030456057 -0.0000726038 FLYING
1.9900000000 -97.4559091589 -3.9135527397 761.9317876703 -2000.0000000000 0.0000000000 3000.0000000000 0.0030587115 -0.0000721392 FLYING
2.0000000000 -99.6670521844 -3.9423934788 769.7043302686 -2000.0000000000 0.0000000000 3000.0000000000 0.0030717104 -0.0000716795 FLYING
2.0100000000 -101.9134544948 -3.9711118778 777.5096163377 -2000.0000000000 0.0000000000 3000.0000000000 0.0030846006 -0.0000712246 FLYING
2.0200000000 -104.1954249160 -3.9997035134 785.3474245797 -2000.0000000000 0.0000000000 3000.0000000000 0.0030973803 -0.0000707745 FLYING
2.0300000000 -106.5132715174 -4.0281639515 793.2175311611 -2000.0000000000 0.0000000000 3000.0000000000 0.0031099874 -0.0000703274 FLYING
2.0400000000 -108.8673019832 -4.0564887665 801.1197128930 -2000.0000000000 0.0000000000 3000.0000000000 0.0031224755 -0.0000698847 FLYING
2.0500000000 -111.2578232313 -4.0846735248 809.0537444582 -2000.0000000000 0.0000000000 3000.0000000000 0.0031348481 -0.0000694466 FLYING
2.0600000000 -113.6851413094 -4.1127137843 817.0193980911 -2000.0000000000 0.0000000000 3000.0000000000 0.0031471035 -0.0000690128 FLYING
2.0700000000 -116.1495613408 -4.1406050946 825.0164435867 -2000.0000000000 0.0000000000 3000.0000000000 0.0031592397 -0.0000685834 FLYING
2.0800000000 -118.6513874706 -4.1683429977 833.0446483103 -2000.0000000000 0.0000000000 3000.0000000000 0.0031712551 -0.0000681581 FLYING
2.0900000000 -121.1909228112 -4.1959230283 841.1037772078 -2000.0000000000 0.0000000000 3000.0000000000 0.0031831478 -0.0000677370 FLYING
2.1000000000 -123.7684693882 -4.2233407150 849.1935928173 -2000.0000000000 0.0000000000 3000.0000000000 0.0031949160 -0.0000673199 FLYING
2.1100000000 -126.3843280851 -4.2505915801 857.3138552809 -2000.0000000000 0.0000000000 3000.0000000000 0.0032065578 -0.0000669068 FLYING
2.1200000000 -129.0387985888 -4.2776711411 865.4643223579 -2000.0000000000 0.0000000000 3000.0000000000 0.0032180716 -0.0000664975 FLYING
2.1300000000 -131.7321793341 -4.3045749106 873.6447494391 -2000.0000000000 0.0000000000 3000.0000000000 0.0032294553 -0.0000660921 FLYING
2.1400000000 -134.4647674483 -4.3312983972 881.8548895610 -2000.0000000000 0.0000000000 3000.0000000000 0.0032407073 -0.0000656903 FLYING
2.1500000000 -137.2368586956 -4.3578371062 890.0944934221 -2000.0000000000 0.0000000000 3000.0000000000 0.0032518256 -0.0000652922 FLYING
2.1600000000 -140.0487474213 -4.3841865401 898.3633093992 -2000.0000000000 0.0000000000 3000.0000000000 0.0032628058 -0.0000648976 FLYING
2.1700000000 -142.9007245801 -4.4103421824 906.6610780597 -2000.0000000000 0.0000000000 3000.0000000000 0.0032736459 -0.0000645064 FLYING
2.1800000000 -145.7930790300 -4.4362995115 914.9875363083 -2000.0000000000 0.0000000000 3000.0000000000 0.0032843441 -0.0000641185 FLYING
2.1900000000 -148.7260979403 -4.4620540062 923.3424187868 -2000.0000000000 0.0000000000 3000.0000000000 0.0032948985 -0.0000637340 FLYING
2.2000000000 -151.7000667338 -4.4876011462 931.7254578958 -2000.0000000000 0.0000000000 3000.0000000000 0.0033053072 -0.0000633527 FLYING
2.2100000000 -154.7152690294 -4.5129364128 940.1363838170 -2000.0000000000 0.0000000000 3000.0000000000 0.0033155685 -0.0000629745 FLYING
2.2200000000 -157.7719865852 -4.5380552897 948.5749245369 -2000.0000000000 0.0000000000 3000.0000000000 0.0033256803 -0.0000625995 FLYING
2.2300000000 -160.8704992401 -4.5629532636 957.0408058710 -2000.0000000000 0.0000000000 3000.0000000000 0.0033356408 -0.0000622275 FLYING
2.2400000000 -164.0110848571 -4.5876258251 965.5337514891 -2000.0000000000 0.0000000000 3000.0000000000 0.0033454483 -0.0000618584 FLYING
2.2500000000 -167.1940192653 -4.6120684690 974.0534829421 -2000.0000000000 0.0000000000 3000.0000000000 0.0033551007 -0.0000614923 FLYING
2.2600000000 -170.4195762027 -4.6362766956 982.5997196889 -2000.0000000000 0.0000000000 3000.0000000000 0.0033645963 -0.0000611290 FLYING
2.2700000000 -173.6880272585 -4.6602460111 991.1721791253 -2000.0000000000 0.0000000000 3000.0000000000 0.0033739332 -0.0000607685 FLYING
2.2800000000 -176.9996418158 -4.6839719284 999.7705766130 -2000.0000000000 0.0000000000 3000.0000000000 0.0033831094 -0.0000604108 FLYING
2.2900000000 -180.3546869945 -4.7074499678 1008.3946255102 -2000.0000000000 0.0000000000 3000.0000000000 0.0033921232 -0.0000600557 FLYING
2.3000000000 -183.7534275939 -4.7306756579 1017.0440372029 -2000.0000000000 0.0000000000 3000.0000000000 0.0034009727 -0.0000597033 FLYING
2.3100000000 -187.1961260358 -4.7536445362 1025.7185211375 -2000.0000000000 0.0000000000 3000.0000000000 0.0034096559 -0.0000593534 FLYING
2.3200000000 -190.6830423074 -4.7763521500 1034.4177848541 -2000.0000000000 0.0000000000 3000.0000000000 0.0034181711 -0.0000590061 FLYING
2.3300000000 -194.2144339049 -4.7987940572 1043.1415340212 -2000.0000000000 0.0000000000 3000.0000000000 0.0034265164 -0.0000586613 FLYING
2.3400000000 -197.7905557767 -4.8209658268 1051.8894724708 -2000.0000000000 0.0000000000 3000.0000000000 0.0034346899 -0.0000583188 FLYING
2.3500000000 -201.4116602672 -4.8428630399 1060.6613022353 -2000.0000000000 0.0000000000 3000.0000000000 0.0034426898 -0.0000579788 FLYING
2.3600000000 -205.0779970606 -4.8644812907 1069.4567235846 -2000.0000000000 0.0000000000 3000.0000000000 0.0034505142 -0.0000576411 FLYING
2.3700000000 -208.7898131416 -4.8858161869 1078.2754351067 -2000.0000000000 0.0000000000 3000.0000000000 0.0034581537 -0.0000573055 FLYING
2.3800000000 -212.5473537850 -4.9068633579 1087.1171363884 -2000.0000000000 0.0000000000 3000.0000000000 0.0034656152 -0.0000569722 FLYING
2.3900000000 -216.3508614957 -4.9276184480 1095.9815254021 -2000.0000000000 0.0000000000 3000.0000000000 0.0034728968 -0.0000566411 FLYING
2.4000000000 -220.2005759536 -4.9480771171 1104.8682985478 -2000.0000000000 0.0000000000 3000.0000000000 0.0034799966 -0.0000563122 FLYING
2.4100000000 -224.0967339598 -4.9682350418 1113.7771506948 -2000.0000000000 0.0000000000 3000.0000000000 0.0034869130 -0.0000559854 FLYING
2.4200000000 -228.0395693830 -4.9880879157 1122.7077752247 -2000.0000000000 0.0000000000 3000.0000000000 0.0034936440 -0.0000556607 FLYING
2.4300000000 -232.0293131072 -5.0076314507 1131.6598640757 -2000.0000000000 0.0000000000 3000.0000000000 0.0035194048 -0.0000556418 FLYING
2.4400000000 -236.0443295685 -5.0267542798 1140.5840510479 -2000.0000000000 0.0000000000 3000.0000000000 0.0035060418 -0.0000549995 FLYING
2.4500000000 -240.0843567270 -5.0454588454 1149.4803317402 -2000.0000000000 0.0000000000 3000.0000000000 0.0034935761 -0.0000543841 FLYING
2.4600000000 -244.1491414710 -5.0637474845 1158.3486995627 -2000.0000000000 0.0000000000 3000.0000000000 0.0034810430 -0.0000537792 FLYING
2.4700000000 -248.2384310729 -5.0816225425 1167.1891497554 -2000.0000000000 0.0000000000 3000.0000000000 0.0034684668 -0.0000531849 FLYING
2.4800000000 -252.3519734140 -5.0990863704 1176.0016792754 -2000.0000000000 0.0000000000 3000.0000000000 0.0034558480 -0.0000526009 FLYING
2.4900000000 -256.4895169966 -5.1161413246 1184.7862867844 -2000.0000000000 0.0000000000 3000.0000000000 0.0034431873 -0.0000520270 FLYING
2.5000000000 -260.6508109622 -5.1327897666 1193.5429726330 -2000.0000000000 0.0000000000 3000.0000000000 0.0034304859 -0.0000514628 FLYING
2.5100000000 -264.8356051076 -5.1490340624 1202.2717388462 -2000.0000000000 0.0000000000 3000.0000000000 0.0034177447 -0.0000509081 FLYING
2.5200000000 -269.0436499025 -5.1648765829 1210.9725891072 -2000.0000000000 0.0000000000 3000.0000000000 0.0034049645 -0.0000503626 FLYING
2.5300000000 -273.2746965055 -5.1803197031 1219.6455287423 -2000.0000000000 0.0000000000 3000.0000000000 0.0033921464 -0.0000498261 FLYING
2.5400000000 -277.5284967806 -5.1953658021 1228.2905647049 -2000.0000000000 0.0000000000 3000.0000000000 0.0033792912 -0.0000492984 FLYING
2.5500000000 -281.8048033127 -5.2100172626 1236.9077055597 -2000.0000000000 0.0000000000 3000.0000000000 0.0033663999 -0.0000487793 FLYING
2.5600000000 -286.1033694235 -5.2242764710 1245.4969614669 -2000.0000000000 0.0000000000 3000.0000000000 0.0033534734 -0.0000482685 FLYING
2.5700000000 -290.4239491868 -5.2381458167 1254.0583441656 -2000.0000000000 0.0000000000 3000.0000000000 0.0033405126 -0.0000477658 FLYING
2.5800000000 -294.7662974430 -5.2516276925 1262.5918669583 -2000.0000000000 0.0000000000 3000.0000000000 0.0033275185 -0.0000472710 FLYING
2.5900000000 -299.1301698148 -5.2647244935 1271.0975446938 -2000.0000000000 0.0000000000 3000.0000000000 0.0033144920 -0.0000467839 FLYING
2.6000000000 -303.5153227206 -5.2774386176 1279.5753937514 -2000.0000000000 0.0000000000 3000.0000000000 0.0033014339 -0.0000463044 FLYING
2.6100000000 -307.9215133891 -5.2897724650 1288.0254320239 -2000.0000000000 0.0000000000 3000.0000000000 0.0032883453 -0.0000458322 FLYING
2.6200000000 -312.3484998731 -5.3017284376 1296.4476789012 -2000.0000000000 0.0000000000 3000.0000000000 0.0032752243 -0.0000453672 FLYING
2.6300000000 -316.7960414548 -5.3133089409 1304.8421560462 -2000.0000000000 0.0000000000 3000.0000000000 0.0032620746 -0.0000449091 FLYING
2.6400000000 -321.2638983178 -5.3245163815 1313.2088866594 -2000.0000000000 0.0000000000 3000.0000000000 0.0032488974 -0.0000444579 FLYING
2.6500000000 -325.7518315189 -5.3353531675 1321.5478953775 -2000.0000000000 0.0000000000 3000.0000000000 0.0032356935 -0.0000440134 FLYING
2.6600000000 -330.2596030003 -5.3458217078 1329.8592082566 -2000.0000000000 0.0000000000 3000.0000000000 0.0032224639 -0.0000435754 FLYING
2.6700000000 -334.7869756015 -5.3559244118 1338.1428527553 -2000.0000000000 0.0000000000 3000.0000000000 0.0032092093 -0.0000431438 FLYING
2.6800000000 -339.3337130715 -5.3656636898 1346.3988577172 -2000.0000000000 0.0000000000 3000.0000000000 0.0031959308 -0.0000427184 FLYING
2.6900000000 -343.8995800800 -5.3750419520 1354.6272533542 -2000.0000000000 0.0000000000 3000.0000000000 0.0031826290 -0.0000422991 FLYING
2.7000000000 -348.4843422290 -5.3840616088 1362.8280712295 -2000.0000000000 0.0000000000 3000.0000000000 0.0031693975 -0.0000418870 FLYING
2.7100000000 -353.0877822195 -5.3927250889 1371.0013711567 -2000.0000000000 0.0000000000 3000.0000000000 0.0031561511 -0.0000414808 FLYING
2.7200000000 -357.7096839522 -5.4010348163 1379.1472139785 -2000.0000000000 0.0000000000 3000.0000000000 0.0031428930 -0.0000410804 FLYING
2.7300000000 -362.3498325493 -5.4089932103 1387.2656615402 -2000.0000000000 0.0000000000 3000.0000000000 0.0031296236 -0.0000406857 FLYING
2.7400000000 -367.0080143579 -5.4166026847 1395.3567766743 -2000.0000000000 0.0000000000 3000.0000000000 0.0031163436 -0.0000402964 FLYING
2.7500000000 -371.6840169536 -5.4238656482 1403.4206231841 -2000.0000000000 0.0000000000 3000.0000000000 0.0031030537 -0.0000399126 FLYING
2.7600000000 -376.3776291439 -5.4307845039 1411.4572658285 -2000.0000000000 0.0000000000 3000.0000000000 0.0030897546 -0.0000395341 FLYING
2.7700000000 -381.0886409714 -5.4373616496 1419.4667703058 -2000.0000000000 0.0000000000 3000.0000000000 0.0030764469 -0.0000391607 FLYING
2.7800000000 -385.8168437167 -5.4435994771 1427.4492032380 -2000.0000000000 0.0000000000 3000.0000000000 0.0030631312 -0.0000387924 FLYING
2.7900000000 -390.5620299014 -5.4495003727 1435.4046321555 -2000.0000000000 0.0000000000 3000.0000000000 0.0030498083 -0.0000384291 FLYING
2.8000000000 -395.3239932902 -5.4550667165 1443.3331254813 -2000.0000000000 0.0000000000 3000.0000000000 0.0030364787 -0.0000380706 FLYING
2.8100000000 -400.1025288935 -5.4603008825 1451.2347525152 -2000.0000000000 0.0000000000 3000.0000000000 0.0030231431 -0.0000377168 FLYING
2.8200000000 -404.8974329694 -5.4652052389 1459.1095834190 -2000.0000000000 0.0000000000 3000.0000000000 0.0030098020 -0.0000373677 FLYING
2.8300000000 -409.7085030259 -5.4697821470 1466.9576892006 -2000.0000000000 0.0000000000 3000.0000000000 0.0029964562 -0.0000370232 FLYING
2.8400000000 -414.5355378223 -5.4740339621 1474.7791416988 -2000.0000000000 0.0000000000 3000.0000000000 0.0029831062 -0.0000366831 FLYING
2.8500000000 -419.3783373707 -5.4779630328 1482.5740135683 -2000.0000000000 0.0000000000 3000.0000000000 0.0029697526 -0.0000363474 FLYING
2.8600000000 -424.2367029377 -5.4815717011 1490.3423782643 -2000.0000000000 0.0000000000 3000.0000000000 0.0029563960 -0.0000360160 FLYING
2.8700000000 -429.1104370450 -5.4848623022 1498.0843100275 -2000.0000000000 0.0000000000 3000.0000000000 0.0029430371 -0.0000356888 FLYING
2.8800000000 -433.9993434710 -5.4878371643 1505.7998838692 -2000.0000000000 0.0000000000 3000.0000000000 0.0029296763 -0.0000353656 FLYING
2.8900000000 -438.9032272510 -5.4904986087 1513.4891755563 -2000.0000000000 0.0000000000 3000.0000000000 0.0029163144 -0.0000350466 FLYING
2.9000000000 -443.8218946780 -5.4928489498 1521.1522615965 -2000.0000000000 0.0000000000 3000.0000000000 0.0029029518 -0.0000347314 FLYING
2.9100000000 -448.7551533029 -5.4948904946 1528.7892192237 -2000.0000000000 0.0000000000 3000.0000000000 0.0028895890 -0.0000344202 FLYING
2.9200000000 -453.7028119352 -5.4966255429 1536.4001263831 -2000.0000000000 0.0000000000 3000.0000000000 0.0028762268 -0.0000341127 FLYING
2.9300000000 -458.6646806425 -5.4980563869 1543.9850617169 -2000.0000000000 0.0000000000 3000.0000000000 0.0028628656 -0.0000338090 FLYING
2.9400000000 -463.6405707505 -5.4991853117 1551.5441045499 -2000.0000000000 0.0000000000 3000.0000000000 0.0028495059 -0.0000335089 FLYING
2.9500000000 -468.6302948429 -5.5000145947 1559.0773348749 -2000.0000000000 0.0000000000 3000.0000000000 0.0028361484 -0.0000332124 FLYING
2.9600000000 -473.6336667608 -5.5005465054 1566.5848333386 -2000.0000000000 0.0000000000 3000.0000000000 0.0028227935 -0.0000329194 FLYING
2.9700000000 -478.6505016020 -5.5007833059 1574.0666812275 -2000.0000000000 0.0000000000 3000.0000000000 0.0028094417 -0.0000326299 FLYING
2.9800000000 -483.6806157200 -5.5007272503 1581.5229604536 -2000.0000000000 0.0000000000 3000.0000000000 0.0027960937 -0.0000323437 FLYING
2.9900000000 -488.7238267236 -5.5003805848 1588.9537535409 -2000.0000000000 0.0000000000 3000.0000000000 0.0027827498 -0.0000320609 FLYING
3.0000000000 -493.7799534751 -5.4997455476 1596.3591436112 -2000.0000000000 0.0000000000 3000.0000000000 0.0027694107 -0.0000317813 FLYING
3.0100000000 -498.8488160896 -5.4988243689 1603.7392143703 -2000.0000000000 0.0000000000 3000.0000000000 0.0027560767 -0.0000315050 FLYING
3.0200000000 -503.9302359330 -5.4976192708 1611.0940500947 -2000.0000000000 0.0000000000 3000.0000000000 0.0027427485 -0.0000312318 FLYING
3.0300000000 -509.0240356211 -5.4961324670 1618.4237356180 -2000.0000000000 0.0000000000 3000.0000000000 0.0027294264 -0.0000309617 FLYING
3.0400000000 -514.1300390172 -5.4943661630 1625.7283563171 -2000.0000000000 0.0000000000 3000.0000000000 0.0027161109 -0.0000306946 FLYING
3.0500000000 -519.2480712304 -5.4923225561 1633.0079980995 -2000.0000000000 0.0000000000 3000.0000000000 0.0027028026 -0.0000304305 FLYING
3.0600000000 -524.3779586140 -5.4900038350 1640.2627473897 -2000.0000000000 0.0000000000 3000.0000000000 0.0026895019 -0.0000301693 FLYING
3.0700000000 -529.5195287627 -5.4874121798 1647.4926911163 -2000.0000000000 0.0000000000 3000.0000000000 0.0026762093 -0.0000299110 FLYING
3.0800000000 -534.6726105109 -5.4845497624 1654.6979166989 -2000.0000000000 0.0000000000 3000.0000000000 0.0026629252 -0.0000296555 FLYING
3.0900000000 -539.8370339296 -5.4814187457 1661.8785120353 -2000.0000000000 0.0000000000 3000.0000000000 0.0026496500 -0.0000294028 FLYING
3.1000000000 -545.0126303246 -5.4780212843 1669.0345654890 -2000.0000000000 0.0000000000 3000.0000000000 0.0026363842 -0.0000291528 FLYING
3.1100000000 -550.1992322332 -5.4743595237 1676.1661658763 -2000.0000000000 0.0000000000 3000.0000000000 0.0026231282 -0.0000289056 FLYING
3.1200000000 -555.3966734216 -5.4704356009 1683.2734024538 -2000.0000000000 0.0000000000 3000.0000000000 0.0026098825 -0.0000286609 FLYING
3.1300000000 -560.6047888822 -5.4662516439 1690.3563649063 -2000.0000000000 0.0000000000 3000.0000000000 0.0025966475 -0.0000284188 FLYING
3.1400000000 -565.8234148301 -5.4618097719 1697.4151433343 -2000.0000000000 0.0000000000 3000.0000000000 0.0025834235 -0.0000281793 FLYING
3.1500000000 -571.0523887001 -5.4571120951 1704.4498282418 -2000.0000000000 0.0000000000 3000.0000000000 0.0025702111 -0.0000279423 FLYING
3.1600000000 -576.2915491435 -5.4521607148 1711.4605105248 -2000.0000000000 0.0000000000 3000.0000000000 0.0025570105 -0.0000277078 FLYING
3.1700000000 -581.5407360246 -5.4469577231 1718.4472814585 -2000.0000000000 0.0000000000 3000.0000000000 0.0025438222 -0.0000274756 FLYING
3.1800000000 -586.7997904173 -5.4415052031 1725.4102326864 -2000.0000000000 0.0000000000 3000.0000000000 0.0025306466 -0.0000272459 FLYING
3.1900000000 -592.0685546011 -5.4358052289 1732.3494562083 -2000.0000000000 0.0000000000 3000.0000000000 0.0025174841 -0.0000270185 FLYING
3.2000000000 -597.3468720579 -5.4298598653 1739.2650443684 -2000.0000000000 0.0000000000 3000.0000000000 0.0025043350 -0.0000267934 FLYING
3.2100000000 -602.6345874679 -5.4236711680 1746.1570898447 -2000.0000000000 0.0000000000 3000.0000000000 0.0024911997 -0.0000265706 FLYING
3.2200000000 -607.9315467053 -5.4172411834 1753.0256856368 -2000.0000000000 0.0000000000 3000.0000000000 0.0024780785 -0.0000263500 FLYING
3.2300000000 -613.2375968352 -5.4105719485 1759.8709250556 -2000.0000000000 0.0000000000 3000.0000000000 0.0024649719 -0.0000261316 FLYING
3.2400000000 -618.5525861084 -5.4036654913 1766.6929017116 -2000.0000000000 0.0000000000 3000.0000000000 0.0024518801 -0.0000259154 FLYING
3.2500000000 -623.8763639579 -5.3965238302 1773.4917095043 -2000.0000000000 0.0000000000 3000.0000000000 0.0024388036 -0.0000257013 FLYING
3.2600000000 -629.2087809942 -5.3891489744 1780.2674426112 -2000.0000000000 0.0000000000 3000.0000000000 0.0024257426 -0.0000254893 FLYING
3.2700000000 -634.5496890014 -5.3815429236 1787.0201954775 -2000.0000000000 0.0000000000 3000.0000000000 0.0024126975 -0.0000252793 FLYING
3.2800000000 -639.8989409320 -5.3737076682 1793.7500628051 -2000.0000000000 0.0000000000 3000.0000000000 0.0023996686 -0.0000250714 FLYING
3.2900000000 -645.2563909028 -5.3656451890 1800.4571395424 -2000.0000000000 0.0000000000 3000.0000000000 0.0023866562 -0.0000248655 FLYING
3.3000000000 -650.6218941901 -5.3573574574 1807.1415208741 -2000.0000000000 0.0000000000 3000.0000000000 0.0023736607 -0.0000246615 FLYING
3.3100000000 -655.9953072252 -5.3488464354 1813.8033022108 -2000.0000000000 0.0000000000 3000.0000000000 0.0023606823 -0.0000244595 FLYING
3.3200000000 -661.3764875892 -5.3401140754 1820.4425791791 -2000.0000000000 0.0000000000 3000.0000000000 0.0023477214 -0.0000242594 FLYING
3.3300000000 -666.7652940084 -5.3311623202 1827.0594476115 -2000.0000000000 0.0000000000 3000.0000000000 0.0023347782 -0.0000240612 FLYING
3.3400000000 -672.1615863491 -5.3219931031 1833.6540035368 -2000.0000000000 0.0000000000 3000.0000000000 0.0023218531 -0.0000238648 FLYING
3.3500000000 -677.5652256129 -5.3126083480 1840.2263431703 -2000.0000000000 0.0000000000 3000.0000000000 0.0023089463 -0.0000236703 FLYING
3.3600000000 -682.9760739313 -5.3030099691 1846.7765629042 -2000.0000000000 0.0000000000 3000.0000000000 0.0022960580 -0.0000234775 FLYING
3.3700000000 -688.3939945608 -5.2931998708 1853.3047592982 -2000.0000000000 0.0000000000 3000.0000000000 0.0022831887 -0.0000232866 FLYING
3.3800000000 -693.8188518774 -5.2831799483 1859.8110290703 -2000.0000000000 0.0000000000 3000.0000000000 0.0022703384 -0.0000230973 FLYING
3.3900000000 -699.2505113716 -5.2729520869 1866.2954690873 -2000.0000000000 0.0000000000 3000.0000000000 0.0022575076 -0.0000229098 FLYING
3.4000000000 -704.6888396427 -5.2625181624 1872.7581763561 -2000.0000000000 0.0000000000 3000.0000000000 0.0022446964 -0.0000227240 FLYING
3.4100000000 -710.1337043939 -5.2518800409 1879.1992480145 -2000.0000000000 0.0000000000 3000.0000000000 0.0022319052 -0.0000225398 FLYING
3.4200000000 -715.5849744262 -5.2410395788 1885.6187813223 -2000.0000000000 0.0000000000 3000.0000000000 0.0022191340 -0.0000223573 FLYING
3.4300000000 -721.0425196335 -5.2299986232 1892.0168736527 -2000.0000000000 0.0000000000 3000.0000000000 0.0022063833 -0.0000221764 FLYING
3.4400000000 -726.5062109966 -5.2187590111 1898.3936224840 -2000.0000000000 0.0000000000 3000.0000000000 0.0021936532 -0.0000219971 FLYING
3.4500000000 -731.9759205779 -5.2073225701 1904.7491253906 -2000.0000000000 0.0000000000 3000.0000000000 0.0021809439 -0.0000218194 FLYING
3.4600000000 -737.4515215154 -5.1956911182 1911.0834800347 -2000.0000000000 0.0000000000 3000.0000000000 0.0021682557 -0.0000216432 FLYING
3.4700000000 -742.9328880174 -5.1838664636 1917.3967841586 -2000.0000000000 0.0000000000 3000.0000000000 0.0021555888 -0.0000214686 FLYING
3.4800000000 -748.4198953564 -5.1718504050 1923.6891355760 -2000.0000000000 0.0000000000 3000.0000000000 0.0021429434 -0.0000212955 FLYING
3.4900000000 -753.9124198634 -5.1596447312 1929.9606321643 -2000.0000000000 0.0000000000 3000.0000000000 0.0021303197 -0.0000211239 FLYING
3.5000000000 -759.4103389223 -5.1472512217 1936.2113718565 -2000.0000000000 0.0000000000 3000.0000000000 0.0021177179 -0.0000209537 FLYING
3.5100000000 -764.9135309635 -5.1346716462 1942.4414526337 -2000.0000000000 0.0000000000 3000.0000000000 0.0021051382 -0.0000207850 FLYING
3.5200000000 -770.4218754586 -5.1219077647 1948.6509725171 -2000.0000000000 0.0000000000 3000.0000000000 0.0020925808 -0.0000206177 FLYING
3.5300000000 -775.9352529141 -5.1089613276 1954.8400295609 -2000.0000000000 0.0000000000 3000.0000000000 0.0020800458 -0.0000204518 FLYING
3.5400000000 -781.4535448655 -5.0958340757 1961.0087218445 -2000.0000000000 0.0000000000 3000.0000000000 0.0020675336 -0.0000202873 FLYING
3.5500000000 -786.9766338713 -5.0825277404 1967.1571474652 -2000.0000000000 0.0000000000 3000.0000000000 0.0020550442 -0.0000201242 FLYING
3.5600000000 -792.5044035067 -5.0690440432 1973.2854045312 -2000.0000000000 0.0000000000 3000.0000000000 0.0020425778 -0.0000199625 FLYING
3.5700000000 -798.0367383583 -5.0553846960 1979.3935911546 -2000.0000000000 0.0000000000 3000.0000000000 0.0020301345 -0.0000198020 FLYING
3.5800000000 -803.5735240170 -5.0415514015 1985.4818054439 -2000.0000000000 0.0000000000 3000.0000000000 0.0020177146 -0.0000196429 FLYING
3.5900000000 -809.1146470725 -5.0275458524 1991.5501454977 -2000.0000000000 0.0000000000 3000.0000000000 0.0020053182 -0.0000194851 FLYING
3.6000000000 -814.6599951072 -5.0133697322 1997.5987093977 -2000.0000000000 0.0000000000 3000.0000000000 0.0019929455 -0.0000193286 FLYING
3.6100000000 -820.2094566896 -4.9990247145 2003.6275952020 -2000.0000000000 0.0000000000 3000.0000000000 0.0019805965 -0.0000191733 FLYING
3.6200000000 -825.7629213685 -4.9845124637 2009.6369009386 -2000.0000000000 0.0000000000 3000.0000000000 0.0019682715 -0.0000190193 FLYING
3.6300000000 -831.3202796666 -4.9698346346 2015.6267245991 -2000.0000000000 0.0000000000 3000.0000000000 0.0019559706 -0.0000188665 FLYING
3.6400000000 -836.8814230744 -4.9549928724 2021.5971641323 -2000.0000000000 0.0000000000 3000.0000000000 0.0019436845 -0.0000187148 FLYING
3.6500000000 -842.4462443584 -4.9399888131 2027.5483178861 -2000.0000000000 0.0000000000 3000.0000000000 0.0019314192 -0.0000185643 FLYING
3.6600000000 -848.0146373860 -4.9248240827 2033.4802843453 -2000.0000000000 0.0000000000 3000.0000000000 0.0019191792 -0.0000184150 FLYING
3.6700000000 -853.5864969764 -4.9095002982 2039.3931619201 -2000.0000000000 0.0000000000 3000.0000000000 0.0019069643 -0.0000182669 FLYING
3.6800000000 -859.1617188926 -4.8940190666 2045.2870489418 -2000.0000000000 0.0000000000 3000.0000000000 0.0018947747 -0.0000181199 FLYING
3.6900000000 -864.7401998359 -4.8783819856 2051.1620436567 -2000.0000000000 0.0000000000 3000.0000000000 0.0018826104 -0.0000179741 FLYING
3.7000000000 -870.3218374388 -4.8625906436 2057.0182442205 -2000.0000000000 0.0000000000 3000.0000000000 0.0018704717 -0.0000178294 FLYING
3.7100000000 -875.9065302587 -4.8466466193 2062.8557486933 -2000.0000000000 0.0000000000 3000.0000000000 0.0018583585 -0.0000176858 FLYING
3.7200000000 -881.4941777717 -4.8305514822 2068.6746550337 -2000.0000000000 0.0000000000 3000.0000000000 0.0018462710 -0.0000175433 FLYING
3.7300000000 -887.0846803656 -4.8143067922 2074.4750610940 -2000.0000000000 0.0000000000 3000.0000000000 0.0018342092 -0.0000174019 FLYING
3.7400000000 -892.6779393338 -4.7979141000 2080.2570646149 -2000.0000000000 0.0000000000 3000.0000000000 0.0018221733 -0.0000172616 FLYING
3.7500000000 -898.2738568690 -4.7813749469 2086.0207632206 -2000.0000000000 0.0000000000 3000.0000000000 0.0018101633 -0.0000171224 FLYING
3.7600000000 -903.8723360562 -4.7646908650 2091.7662544134 -2000.0000000000 0.0000000000 3000.0000000000 0.0017981792 -0.0000169842 FLYING
3.7700000000 -909.4732808666 -4.7478633770 2097.4936355695 -2000.0000000000 0.0000000000 3000.0000000000 0.0017862212 -0.0000168470 FLYING
3.7800000000 -915.0765961509 -4.7308939965 2103.2030039337 -2000.0000000000 0.0000000000 3000.0000000000 0.0017742893 -0.0000167109 FLYING
3.7900000000 -920.6821876332 -4.7137842276 2108.8944566150 -2000.0000000000 0.0000000000 3000.0000000000 0.0017623836 -0.0000165758 FLYING
3.8000000000 -926.2899619041 -4.6965355656 2114.5680905819 -2000.0000000000 0.0000000000 3000.0000000000 0.0017505042 -0.0000164417 FLYING
3.8100000000 -931.8998264145 -4.6791494964 2120.2240026581 -2000.0000000000 0.0000000000 3000.0000000000 0.0017386510 -0.0000163085 FLYING
3.8200000000 -937.5116894691 -4.6616274969 2125.8622895180 -2000.0000000000 0.0000000000 3000.0000000000 0.0017268242 -0.0000161764 FLYING
3.8300000000 -943.1254602200 -4.6439710349 2131.4830476822 -2000.0000000000 0.0000000000 3000.0000000000 0.0017150237 -0.0000160452 FLYING
3.8400000000 -948.7410486602 -4.6261815689 2137.0863735136 -2000.0000000000 0.0000000000 3000.0000000000 0.0017032497 -0.0000159149 FLYING
3.8500000000 -954.3583656169 -4.6082605489 2142.6723632132 -2000.0000000000 0.0000000000 3000.0000000000 0.0016915022 -0.0000157856 FLYING
3.8600000000 -959.9773227457 -4.5902094154 2148.2411128157 -2000.0000000000 0.0000000000 3000.0000000000 0.0016797812 -0.0000156573 FLYING
3.8700000000 -965.5978325238 -4.5720296002 2153.7927181863 -2000.0000000000 0.0000000000 3000.0000000000 0.0016680867 -0.0000155298 FLYING
3.8800000000 -971.2198082435 -4.5537225262 2159.3272750158 -2000.0000000000 0.0000000000 3000.0000000000 0.0016564188 -0.0000154033 FLYING
3.8900000000 -976.8431640060 -4.5352896074 2164.8448788179 -2000.0000000000 0.0000000000 3000.0000000000 0.0016447776 -0.0000152776 FLYING
3.9000000000 -982.4678147152 -4.5167322488 2170.3456249246 -2000.0000000000 0.0000000000 3000.0000000000 0.0016331629 -0.0000151529 FLYING
3.9100000000 -988.0936760709 -4.4980518468 2175.8296084832 -2000.0000000000 0.0000000000 3000.0000000000 0.0016215749 -0.0000150290 FLYING
3.9200000000 -993.7206645628 -4.4792497889 2181.2969244523 -2000.0000000000 0.0000000000 3000.0000000000 0.0016100135 -0.0000149060 FLYING
3.9300000000 -999.3486974641 -4.4603274539 2186.7476675986 -2000.0000000000 0.0000000000 3000.0000000000 0.0015984788 -0.0000147838 FLYING
3.9400000000 -1004.9776928251 -4.4412862120 2192.1819324934 -2000.0000000000 0.0000000000 3000.0000000000 0.0015869708 -0.0000146625 FLYING
3.9500000000 -1010.6075694668 -4.4221274245 2197.5998135095 -2000.0000000000 0.0000000000 3000.0000000000 0.0015754895 -0.0000145420 FLYING
3.9600000000 -1016.2382469752 -4.4028524443 2203.0014048177 -2000.0000000000 0.0000000000 3000.0000000000 0.0015640349 -0.0000144223 FLYING
3.9700000000 -1021.8696456941 -4.3834626157 2208.3868003837 -2000.0000000000 0.0000000000 3000.0000000000 0.0015526070 -0.0000143035 FLYING
3.9800000000 -1027.5016867198 -4.3639592743 2213.7560939651 -2000.0000000000 0.0000000000 3000.0000000000 0.0015412058 -0.0000141855 FLYING
3.9900000000 -1033.1342918942 -4.3443437472 2219.1093791085 -2000.0000000000 0.0000000000 3000.0000000000 0.0015298313 -0.0000140682 FLYING
4.0000000000 -1038.7673837989 -4.3246173533 2224.4467491463 -2000.0000000000 0.0000000000 3000.0000000000 0.0015184835 -0.0000139518 FLYING
4.0100000000 -1044.4008857489 -4.3047814027 2229.7682971940 -2000.0000000000 0.0000000000 3000.0000000000 0.0015071624 -0.0000138361 FLYING
4.0200000000 -1050.0347217866 -4.2848371975 2235.0741161476 -2000.0000000000 0.0000000000 3000.0000000000 0.0014958679 -0.0000137212 FLYING
4.0300000000 -1055.6688166754 -4.2647860310 2240.3642986804 -2000.0000000000 0.0000000000 3000.0000000000 0.0014846001 -0.0000136071 FLYING
4.0400000000 -1061.3030958939 -4.2446291886 2245.6389372408 -2000.0000000000 0.0000000000 3000.0000000000 0.0014733589 -0.0000134937 FLYING
4.0500000000 -1066.9374856293 -4.2243679472 2250.8981240495 -2000.0000000000 0.0000000000 3000.0000000000 0.0014621443 -0.0000133811 FLYING
4.0600000000 -1072.5719127719 -4.2040035755 2256.1419510972 -2000.0000000000 0.0000000000 3000.0000000000 0.0014509563 -0.0000132692 FLYING
4.0700000000 -1078.2063049086 -4.1835373341 2261.3705101419 -2000.0000000000 0.0000000000 3000.0000000000 0.0014397949 -0.0000131580 FLYING
4.0800000000 -1083.8405903173 -4.1629704753 2266.5838927065 -2000.0000000000 0.0000000000 3000.0000000000 0.0014286600 -0.0000130476 FLYING
4.0900000000 -1089.4746979603 -4.1423042434 2271.7821900770 -2000.0000000000 0.0000000000 3000.0000000000 0.0014175515 -0.0000129379 FLYING
4.1000000000 -1095.1085574788 -4.1215398747 2276.9654932996 -2000.0000000000 0.0000000000 3000.0000000000 0.0014064696 -0.0000128288 FLYING
4.1100000000 -1100.7420991867 -4.1006785974 2282.1338931788 -2000.0000000000 0.0000000000 3000.0000000000 0.0013954140 -0.0000127205 FLYING
4.1200000000 -1106.3752540649 -4.0797216315 2287.2874802757 -2000.0000000000 0.0000000000 3000.0000000000 0.0013843849 -0.0000126129 FLYING
4.1300000000 -1112.0079537550 -4.0586701895 2292.4263449050 -2000.0000000000 0.0000000000 3000.0000000000 0.0013733820 -0.0000125059 FLYING
4.1400000000 -1117.6401305538 -4.0375254757 2297.5505771339 -2000.0000000000 0.0000000000 3000.0000000000 0.0013624055 -0.0000123996 FLYING
4.1500000000 -1123.2717174072 -4.0162886865 2302.6602667797 -2000.0000000000 0.0000000000 3000.0000000000 0.0013514553 -0.0000122940 FLYING
4.1600000000 -1128.9026479045 -3.9949610107 2307.7555034083 -2000.0000000000 0.0000000000 3000.0000000000 0.0013405312 -0.0000121891 FLYING
4.1700000000 -1134.5328562724 -3.9735436291 2312.8363763317 -2000.0000000000 0.0000000000 3000.0000000000 0.0013296332 -0.0000120848 FLYING
4.1800000000 -1140.1622773693 -3.9520377150 2317.9029746070 -2000.0000000000 0.0000000000 3000.0000000000 0.0013187614 -0.0000119811 FLYING
4.1900000000 -1145.7908466799 -3.9304444339 2322.9553870345 -2000.0000000000 0.0000000000 3000.0000000000 0.0013079156 -0.0000118781 FLYING
4.2000000000 -1151.4185003089 -3.9087649436 2327.9937021556 -2000.0000000000 0.0000000000 3000.0000000000 0.0012970958 -0.0000117757 FLYING
4.2100000000 -1157.0451749755 -3.8870003944 2333.0180082518 -2000.0000000000 0.0000000000 3000.0000000000 0.0012863019 -0.0000116740 FLYING
4.2200000000 -1162.6708080078 -3.8651519289 2338.0283933430 -2000.0000000000 0.0000000000 3000.0000000000 0.0012755338 -0.0000115728 FLYING
4.2300000000 -1168.2953373374 -3.8432206824 2343.0249451858 -2000.0000000000 0.0000000000 3000.0000000000 0.0012647915 -0.0000114723 FLYING
4.2400000000 -1173.9187014931 -3.8212077824 2348.0077512724 -2000.0000000000 0.0000000000 3000.0000000000 0.0012540749 -0.0000113724 FLYING
4.2500000000 -1179.5408395960 -3.7991143493 2352.9768988291 -2000.0000000000 0.0000000000 3000.0000000000 0.0012433840 -0.0000112731 FLYING
4.2600000000 -1185.1616913536 -3.7769414960 2357.9324748148 -2000.0000000000 0.0000000000 3000.0000000000 0.0012327187 -0.0000111744 FLYING
4.2700000000 -1190.7811970541 -3.7546903279 2362.8745659200 -2000.0000000000 0.0000000000 3000.0000000000 0.0012220788 -0.0000110762 FLYING
4.2800000000 -1196.3992975613 -3.7323619434 2367.8032585657 -2000.0000000000 0.0000000000 3000.0000000000 0.0012114644 -0.0000109787 FLYING
4.2900000000 -1202.0159343089 -3.7099574333 2372.7186389018 -2000.0000000000 0.0000000000 3000.0000000000 0.0012008753 -0.0000108817 FLYING
4.3000000000 -1207.6310492952 -3.6874778814 2377.6207928063 -2000.0000000000 0.0000000000 3000.0000000000 0.0011903115 -0.0000107853 FLYING
4.3100000000 -1213.2445850771 -3.6649243643 2382.5098058842 -2000.0000000000 0.0000000000 3000.0000000000 0.0011797728 -0.0000106894 FLYING
4.3200000000 -1218.8564847658 -3.6422979514 2387.3857634665 -2000.0000000000 0.0000000000 3000.0000000000 0.0011692592 -0.0000105941 FLYING
4.3300000000 -1224.4666920202 -3.6195997051 2392.2487506089 -2000.0000000000 0.0000000000 3000.0000000000 0.0011587706 -0.0000104994 FLYING
4.3400000000 -1230.0751510425 -3.5968306807 2397.0988520917 -2000.0000000000 0.0000000000 3000.0000000000 0.0011483070 -0.0000104052 FLYING
4.3500000000 -1235.6818065725 -3.5739919265 2401.9361524179 -2000.0000000000 0.0000000000 3000.0000000000 0.0011378682 -0.0000103116 FLYING
4.3600000000 -1241.2866038824 -3.5510844839 2406.7607358132 -2000.0000000000 0.0000000000 3000.0000000000 0.0011274540 -0.0000102184 FLYING
4.3700000000 -1246.8894887713 -3.5281093873 2411.5726862246 -2000.0000000000 0.0000000000 3000.0000000000 0.0011170646 -0.0000101258 FLYING
4.3800000000 -1252.4904075606 -3.5050676642 2416.3720873201 -2000.0000000000 0.0000000000 3000.0000000000 0.0011066996 -0.0000100338 FLYING
4.3900000000 -1258.0893070881 -3.4819603355 2421.1590224880 -2000.0000000000 0.0000000000 3000.0000000000 0.0010963591 -0.0000099422 FLYING
4.4000000000 -1263.6861347032 -3.4587884150 2425.9335748358 -2000.0000000000 0.0000000000 3000.0000000000 0.0010860429 -0.0000098512 FLYING
4.4100000000 -1269.2808382620 -3.4355529100 2430.6958271901 -2000.0000000000 0.0000000000 3000.0000000000 0.0010757509 -0.0000097607 FLYING
4.4200000000 -1274.8733661216 -3.4122548211 2435.4458620956 -2000.0000000000 0.0000000000 3000.0000000000 0.0010654831 -0.0000096706 FLYING
4.4300000000 -1280.4636671355 -3.3888951420 2440.1837618151 -2000.0000000000 0.0000000000 3000.0000000000 0.0010552392 -0.0000095811 FLYING
4.4400000000 -1286.0516906484 -3.3654748600 2444.9096083285 -2000.0000000000 0.0000000000 3000.0000000000 0.0010450193 -0.0000094921 FLYING
4.4500000000 -1291.6373864913 -3.3419949558 2449.6234833326 -2000.0000000000 0.0000000000 3000.0000000000 0.0010348232 -0.0000094035 FLYING
4.4600000000 -1297.2207049762 -3.3184564035 2454.3254682407 -2000.0000000000 0.0000000000 3000.0000000000 0.0010246507 -0.0000093154 FLYING
4.4700000000 -1302.8015968916 -3.2948601709 2459.0156441821 -2000.0000000000 0.0000000000 3000.0000000000 0.0010145018 -0.0000092279 FLYING
4.4800000000 -1308.3800134972 -3.2712072191 2463.6940920019 -2000.0000000000 0.0000000000 3000.0000000000 0.0010043763 -0.0000091407 FLYING
4.4900000000 -1313.9559065191 -3.2474985030 2468.3608922608 -2000.0000000000 0.0000000000 3000.0000000000 0.0009942741 -0.0000090541 FLYING
4.5000000000 -1319.5292281449 -3.2237349710 2473.0161252345 -2000.0000000000 0.0000000000 3000.0000000000 0.0009841952 -0.0000089679 FLYING
4.5100000000 -1325.0999310193 -3.1999175653 2477.6598709138 -2000.0000000000 0.0000000000 3000.0000000000 0.0009741393 -0.0000088822 FLYING
4.5200000000 -1330.6679682385 -3.1760472218 2482.2922090044 -2000.0000000000 0.0000000000 3000.0000000000 0.0009641064 -0.0000087969 FLYING
4.5300000000 -1336.2332933460 -3.1521248701 2486.9132189266 -2000.0000000000 0.0000000000 3000.0000000000 0.0009540963 -0.0000087121 FLYING
4.5400000000 -1341.7958603276 -3.1281514338 2491.5229798152 -2000.0000000000 0.0000000000 3000.0000000000 0.0009441088 -0.0000086277 FLYING
4.5500000000 -1347.3556236068 -3.1041278301 2496.1215705198 -2000.0000000000 0.0000000000 3000.0000000000 0.0009341440 -0.0000085437 FLYING
4.5600000000 -1352.9125380402 -3.0800549703 2500.7090696041 -2000.0000000000 0.0000000000 3000.0000000000 0.0009242015 -0.0000084602 FLYING
4.5700000000 -1358.4665589122 -3.0559337595 2505.2855553464 -2000.0000000000 0.0000000000 3000.0000000000 0.0009142814 -0.0000083772 FLYING
4.5800000000 -1364.0176419314 -3.0317650970 2509.8511057397 -2000.0000000000 0.0000000000 3000.0000000000 0.0009043834 -0.0000082945 FLYING
4.5900000000 -1369.5657432251 -3.0075498758 2514.4057984913 -2000.0000000000 0.0000000000 3000.0000000000 0.0008945074 -0.0000082123 FLYING
4.6000000000 -1375.1108193349 -2.9832889833 2518.9497110233 -2000.0000000000 0.0000000000 3000.0000000000 0.0008846533 -0.0000081305 FLYING
4.6100000000 -1380.6528272126 -2.9589833008 2523.4829204725 -2000.0000000000 0.0000000000 3000.0000000000 0.0008748209 -0.0000080491 FLYING
4.6200000000 -1386.1917242150 -2.9346337037 2528.0055036908 -2000.0000000000 0.0000000000 3000.0000000000 0.0008650100 -0.0000079681 FLYING
4.6300000000 -1391.7274680999 -2.9102410618 2532.5175372451 -2000.0000000000 0.0000000000 3000.0000000000 0.0008552206 -0.0000078876 FLYING
4.6400000000 -1397.2600170215 -2.8858062390 2537.0190974179 -2000.0000000000 0.0000000000 3000.0000000000 0.0008454525 -0.0000078074 FLYING
4.6500000000 -1402.7893295256 -2.8613300935 2541.5102602070 -2000.0000000000 0.0000000000 3000.0000000000 0.0008357055 -0.0000077276 FLYING
4.6600000000 -1408.3153645456 -2.8368134779 2545.9911013266 -2000.0000000000 0.0000000000 3000.0000000000 0.0008259794 -0.0000076482 FLYING
4.6700000000 -1413.8380813980 -2.8122572389 2550.4616962068 -2000.0000000000 0.0000000000 3000.0000000000 0.0008162742 -0.0000075693 FLYING
4.6800000000 -1419.3574397779 -2.7876622179 2554.9221199944 -2000.0000000000 0.0000000000 3000.0000000000 0.0008065896 -0.0000074907 FLYING
4.6900000000 -1424.8733997546 -2.7630292505 2559.3724475534 -2000.0000000000 0.0000000000 3000.0000000000 0.0007969254 -0.0000074124 FLYING
4.7000000000 -1430.3859217675 -2.7383591670 2563.8127534650 -2000.0000000000 0.0000000000 3000.0000000000 0.0007872816 -0.0000073346 FLYING
4.7100000000 -1435.8949666217 -2.7136527921 2568.2431120282 -2000.0000000000 0.0000000000 3000.0000000000 0.0007776580 -0.0000072571 FLYING
4.7200000000 -1441.4004954834 -2.6889109450 2572.6635972607 -2000.0000000000 0.0000000000 3000.0000000000 0.0007680543 -0.0000071801 FLYING
4.7300000000 -1446.9024698762 -2.6641344396 2577.0742828988 -2000.0000000000 0.0000000000 3000.0000000000 0.0007584704 -0.0000071033 FLYING
4.7400000000 -1452.4008516765 -2.6393240844 2581.4752423980 -2000.0000000000 0.0000000000 3000.0000000000 0.0007489062 -0.0000070270 FLYING
4.7500000000 -1457.8956031094 -2.6144806826 2585.8665489342 -2000.0000000000 0.0000000000 3000.0000000000 0.0007393614 -0.0000069510 FLYING
4.7600000000 -1463.3866867445 -2.5896050322 2590.2482754035 -2000.0000000000 0.0000000000 3000.0000000000 0.0007298359 -0.0000068753 FLYING
4.7700000000 -1468.8740654916 -2.5646979257 2594.6204944232 -2000.0000000000 0.0000000000 3000.0000000000 0.0007203294 -0.0000068001 FLYING
4.7800000000 -1474.3577025967 -2.5397601507 2598.9832783326 -2000.0000000000 0.0000000000 3000.0000000000 0.0007108419 -0.0000067251 FLYING
4.7900000000 -1479.8375616380 -2.5147924896 2603.3366991934 -2000.0000000000 0.0000000000 3000.0000000000 0.0007013731 -0.0000066505 FLYING
4.8000000000 -1485.3136065214 -2.4897957194 2607.6808287905 -2000.0000000000 0.0000000000 3000.0000000000 0.0006919228 -0.0000065763 FLYING
4.8100000000 -1490.7858014769 -2.4647706123 2612.0157386327 -2000.0000000000 0.0000000000 3000.0000000000 0.0006824908 -0.0000065024 FLYING
4.8200000000 -1496.2541110541 -2.4397179355 2616.3414999537 -2000.0000000000 0.0000000000 3000.0000000000 0.0006730769 -0.0000064288 FLYING
4.8300000000 -1501.7185001184 -2.4146384509 2620.6581837125 -2000.0000000000 0.0000000000 3000.0000000000 0.0006636810 -0.0000063556 FLYING
4.8400000000 -1507.1789338470 -2.3895329158 2624.9658605948 -2000.0000000000 0.0000000000 3000.0000000000 0.0006543027 -0.0000062827 FLYING
4.8500000000 -1512.6353777247 -2.3644020822 2629.2646010132 -2000.0000000000 0.0000000000 3000.0000000000 0.0006449420 -0.0000062101 FLYING
4.8600000000 -1518.0877975400 -2.3392466976 2633.5544751085 -2000.0000000000 0.0000000000 3000.0000000000 0.0006355985 -0.0000061379 FLYING
4.8700000000 -1523.5361593814 -2.3140675044 2637.8355527507 -2000.0000000000 0.0000000000 3000.0000000000 0.0006262721 -0.0000060659 FLYING
4.8800000000 -1528.9804296328 -2.2888652403 2642.1079035397 -2000.0000000000 0.0000000000 3000.0000000000 0.0006169626 -0.0000059943 FLYING
4.8900000000 -1534.4205749702 -2.2636406381 2646.3715968062 -2000.0000000000 0.0000000000 3000.0000000000 0.0006076697 -0.0000059230 FLYING
4.9000000000 -1539.8565623576 -2.2383944261 2650.6267016131 -2000.0000000000 0.0000000000 3000.0000000000 0.0005983932 -0.0000058520 FLYING
4.9100000000 -1545.2883590427 -2.2131273277 2654.8732867562 -2000.0000000000 0.0000000000 3000.0000000000 0.0005891328 -0.0000057814 FLYING
4.9200000000 -1550.7159325535 -2.1878400617 2659.1114207656 -2000.0000000000 0.0000000000 3000.0000000000 0.0005798884 -0.0000057110 FLYING
4.9300000000 -1556.1392506943 -2.1625333425 2663.3411719065 -2000.0000000000 0.0000000000 3000.0000000000 0.0005706596 -0.0000056409 FLYING
4.9400000000 -1561.5582815415 -2.1372078795 2667.5626081804 -2000.0000000000 0.0000000000 3000.0000000000 0.0005614463 -0.0000055711 FLYING
4.9500000000 -1566.9729934402 -2.1118643781 2671.7757973264 -2000.0000000000 0.0000000000 3000.0000000000 0.0005522482 -0.0000055016 FLYING
4.9600000000 -1572.3833550000 -2.0865035386 2675.9808068223 -2000.0000000000 0.0000000000 3000.0000000000 0.0005430649 -0.0000054325 FLYING
4.9700000000 -1577.7893350913 -2.0611260574 2680.1777038862 -2000.0000000000 0.0000000000 3000.0000000000 0.0005338963 -0.0000053636 FLYING
4.9800000000 -1583.1909028413 -2.0357326262 2684.3665554771 -2000.0000000000 0.0000000000 3000.0000000000 0.0005247421 -0.0000052950 FLYING
4.9900000000 -1588.5880276306 -2.0103239322 2688.5474282968 -2000.0000000000 0.0000000000 3000.0000000000 0.0005156020 -0.0000052266 FLYING
5.0000000000 -1593.9806790889 -1.9849006585 2692.7203887910 -2000.0000000000 0.0000000000 3000.0000000000 0.0005064758 -0.0000051586 FLYING
5.0100000000 -1599.3688270912 -1.9594634837 2696.8855031510 -2000.0000000000 0.0000000000 3000.0000000000 0.0004973630 -0.0000050908 FLYING
5.0200000000 -1604.7524417543 -1.9340130824 2701.0428373144 -2000.0000000000 0.0000000000 3000.0000000000 0.0004882622 -0.0000050233 FLYING
5.0300000000 -1610.1314933635 -1.9085501251 2705.1924569255 -2000.0000000000 0.0000000000 3000.0000000000 0.0004791731 -0.0000049561 FLYING
5.0400000000 -1615.5059523640 -1.8830752787 2709.3344273315 -2000.0000000000 0.0000000000 3000.0000000000 0.0004700968 -0.0000048891 FLYING
5.0500000000 -1620.8757894334 -1.8575892061 2713.4688136306 -2000.0000000000 0.0000000000 3000.0000000000 0.0004610331 -0.0000048224 FLYING
5.0600000000 -1626.2409754777 -1.8320925657 2717.5956806742 -2000.0000000000 0.0000000000 3000.0000000000 0.0004519815 -0.0000047559 FLYING
5.0700000000 -1631.6014816272 -1.8065860121 2721.7150930682 -2000.0000000000 0.0000000000 3000.0000000000 0.0004429418 -0.0000046898 FLYING
5.0800000000 -1636.9572792328 -1.7810701957 2725.8271151751 -2000.0000000000 0.0000000000 3000.0000000000 0.0004339135 -0.0000046239 FLYING
5.0900000000 -1642.3083398621 -1.7555457628 2729.9318111153 -2000.0000000000 0.0000000000 3000.0000000000 0.0004248963 -0.0000045582 FLYING
5.1000000000 -1647.6546352954 -1.7300133558 2734.0292447693 -2000.0000000000 0.0000000000 3000.0000000000 0.0004158899 -0.0000044928 FLYING
5.1100000000 -1652.9961375221 -1.7044736131 2738.1194797795 -2000.0000000000 0.0000000000 3000.0000000000 0.0004068938 -0.0000044277 FLYING
5.1200000000 -1658.3328187366 -1.6789271692 2742.2025795522 -2000.0000000000 0.0000000000 3000.0000000000 0.0003979077 -0.0000043628 FLYING
5.1300000000 -1663.6646513341 -1.6533746548 2746.2786072593 -2000.0000000000 0.0000000000 3000.0000000000 0.0003889311 -0.0000042981 FLYING
5.1400000000 -1668.9916079071 -1.6278166965 2750.3476258407 -2000.0000000000 0.0000000000 3000.0000000000 0.0003799636 -0.0000042337 FLYING
5.1500000000 -1674.3136612412 -1.6022539174 2754.4096980065 -2000.0000000000 0.0000000000 3000.0000000000 0.0003710048 -0.0000041696 FLYING
5.1600000000 -1679.6307843111 -1.5766869367 2758.4648862387 -2000.0000000000 0.0000000000 3000.0000000000 0.0003620543 -0.0000041057 FLYING
5.1700000000 -1684.9429502766 -1.5511163697 2762.5132527941 -2000.0000000000 0.0000000000 3000.0000000000 0.0003531115 -0.0000040420 FLYING
5.1800000000 -1690.2501324785 -1.5255428283 2766.5548597066 -2000.0000000000 0.0000000000 3000.0000000000 0.0003441760 -0.0000039786 FLYING
5.1900000000 -1695.5523044344 -1.4999669205 2770.5897687890 -2000.0000000000 0.0000000000 3000.0000000000 0.0003352472 -0.0000039154 FLYING
5.2000000000 -1700.8494398347 -1.4743892508 2774.6180416366 -2000.0000000000 0.0000000000 3000.0000000000 0.0003263247 -0.0000038524 FLYING
5.2100000000 -1706.1415125382 -1.4488104202 2778.6397396290 -2000.0000000000 0.0000000000 3000.0000000000 0.0003174079 -0.0000037897 FLYING
5.2200000000 -1711.4284965680 -1.4232310259 2782.6549239334 -2000.0000000000 0.0000000000 3000.0000000000 0.0003084962 -0.0000037271 FLYING
5.2300000000 -1716.7103661070 -1.3976516619 2786.6636555071 -2000.0000000000 0.0000000000 3000.0000000000 0.0002995890 -0.0000036649 FLYING
5.2400000000 -1721.9870954935 -1.3720729185 2790.6659951009 -2000.0000000000 0.0000000000 3000.0000000000 0.0002906857 -0.0000036028 FLYING
5.2500000000 -1727.2586592171 -1.3464953827 2794.6620032618 -2000.0000000000 0.0000000000 3000.0000000000 0.0002817857 -0.0000035410 FLYING
5.2600000000 -1732.5250319135 -1.3209196380 2798.6517403369 -2000.0000000000 0.0000000000 3000.0000000000 0.0002728882 -0.0000034793 FLYING
5.2700000000 -1737.7861883603 -1.2953462646 2802.6352664762 -2000.0000000000 0.0000000000 3000.0000000000 0.0002639926 -0.0000034179 FLYING
5.2800000000 -1743.0421034720 -1.2697758395 2806.6126416365 -2000.0000000000 0.0000000000 3000.0000000000 0.0002550980 -0.0000033567 FLYING
5.2900000000 -1748.2927522954 -1.2442089364 2810.5839255853 -2000.0000000000 0.0000000000 3000.0000000000 0.0002462038 -0.0000032958 FLYING
5.3000000000 -1753.5381100040 -1.2186461255 2814.5491779046 -2000.0000000000 0.0000000000 3000.0000000000 0.0002373089 -0.0000032350 FLYING
5.3100000000 -1758.7781518937 -1.1930879742 2818.5084579951 -2000.0000000000 0.0000000000 3000.0000000000 0.0002284126 -0.0000031744 FLYING
5.3200000000 -1764.0128533767 -1.1675350464 2822.4618250807 -2000.0000000000 0.0000000000 3000.0000000000 0.0002195140 -0.0000031141 FLYING
5.3300000000 -1769.2421899764 -1.1419879032 2826.4093382133 -2000.0000000000 0.0000000000 3000.0000000000 0.0002106119 -0.0000030539 FLYING
5.3400000000 -1774.4661373217 -1.1164471025 2830.3510562776 -2000.0000000000 0.0000000000 3000.0000000000 0.0002017053 -0.0000029940 FLYING
5.3500000000 -1779.6846711412 -1.0909131990 2834.2870379964 -2000.0000000000 0.0000000000 3000.0000000000 0.0001927932 -0.0000029342 FLYING
5.3600000000 -1784.8977672567 -1.0653867448 2838.2173419361 -2000.0000000000 0.0000000000 3000.0000000000 0.0001838743 -0.0000028747 FLYING
5.3700000000 -1790.1054015770 -1.0398682887 2842.1420265132 -2000.0000000000 0.0000000000 3000.0000000000 0.0001749472 -0.0000028154 FLYING
5.3800000000 -1795.3075500916 -1.0143583768 2846.0611500001 -2000.0000000000 0.0000000000 3000.0000000000 0.0001660106 -0.0000027562 FLYING
5.3900000000 -1800.5041888629 -0.9888575523 2849.9747705321 -2000.0000000000 0.0000000000 3000.0000000000 0.0001570631 -0.0000026973 FLYING
5.4000000000 -1805.6952940193 -0.9633663557 2853.8829461153 -2000.0000000000 0.0000000000 3000.0000000000 0.0001481029 -0.0000026385 FLYING
5.4100000000 -1810.8808417474 -0.9378853245 2857.7857346338 -2000.0000000000 0.0000000000 3000.0000000000 0.0001391283 -0.0000025800 FLYING
5.4200000000 -1816.0608082833 -0.9124149937 2861.6831938588 -2000.0000000000 0.0000000000 3000.0000000000 0.0001301374 -0.0000025216 FLYING
5.4300000000 -1821.2351699042 -0.8869558956 2865.5753814580 -2000.0000000000 0.0000000000 3000.0000000000 0.0001211281 -0.0000024634 FLYING
5.4400000000 -1826.4039029187 -0.8615085599 2869.4623550054 -2000.0000000000 0.0000000000 3000.0000000000 0.0001120982 -0.0000024055 FLYING
5.4500000000 -1831.5669836565 -0.8360735138 2873.3441719926 -2000.0000000000 0.0000000000 3000.0000000000 0.0001030452 -0.0000023477 FLYING
5.4600000000 -1836.7243884578 -0.8106512817 2877.2208898411 -2000.0000000000 0.0000000000 3000.0000000000 0.0000939662 -0.0000022901 FLYING
5.4700000000 -1841.8760936611 -0.7852423860 2881.0925659156 -2000.0000000000 0.0000000000 3000.0000000000 0.0000848584 -0.0000022327 FLYING
5.4800000000 -1847.0220755906 -0.7598473465 2884.9592575385 -2000.0000000000 0.0000000000 3000.0000000000 0.0000757183 -0.0000021755 FLYING
5.4900000000 -1852.1623105417 -0.7344666805 2888.8210220069 -2000.0000000000 0.0000000000 3000.0000000000 0.0000665422 -0.0000021185 FLYING
5.5000000000 -1857.2967747656 -0.7091009035 2892.6779166105 -2000.0000000000 0.0000000000 3000.0000000000 0.0000573258 -0.0000020618 FLYING
5.5100000000 -1862.4254444521 -0.6837505283 2896.5299986520 -2000.0000000000 0.0000000000 3000.0000000000 0.0000480645 -0.0000020052 FLYING
5.5200000000 -1867.5482957105 -0.6584160659 2900.3773254707 -2000.0000000000 0.0000000000 3000.0000000000 0.0000387528 -0.0000019489 FLYING
5.5300000000 -1872.6653045479 -0.6330980253 2904.2199544679 -2000.0000000000 0.0000000000 3000.0000000000 0.0000293847 -0.0000018927 FLYING
5.5400000000 -1877.7764468452 -0.6077969132 2908.0579431373 -2000.0000000000 0.0000000000 3000.0000000000 0.0000199533 -0.0000018368 FLYING
5.5500000000 -1882.8816983293 -0.5825132348 2911.8913490988 -2000.0000000000 0.0000000000 3000.0000000000 0.0000104504 -0.0000017812 FLYING
5.5600000000 -1887.9810345421 -0.5572474932 2915.7202301377 -2000.0000000000 0.0000000000 3000.0000000000 0.0000008666 -0.0000017258 FLYING
5.5700000000 -1893.0744308039 -0.5320001898 2919.5446442509 -2000.0000000000 0.0000000000 3000.0000000000 -0.0000088092 -0.0000016718 FLYING
5.5800000000 -1898.1618621718 -0.5067718175 2923.3646497031 -2000.0000000000 0.0000000000 3000.0000000000 -0.0000185887 -0.0000016155 FLYING
5.5900000000 -1903.2433034326 -0.4815628841 2927.1803051107 -2000.0000000000 0.0000000000 3000.0000000000 -0.0000284890 -0.0000015611 FLYING
5.6000000000 -1908.3187290045 -0.4563738854 2930.9916695021 -2000.0000000000 0.0000000000 3000.0000000000 -0.0000385277 -0.0000015069 FLYING
5.6100000000 -1913.3881128644 -0.4312053177 2934.7988023987 -2000.0000000000 0.0000000000 3000.0000000000 -0.0000487275 -0.0000014531 FLYING
5.6200000000 -1918.4514284622 -0.4060576760 2938.6017639260 -2000.0000000000 0.0000000000 3000.0000000000 -0.0000591159 -0.0000013997 FLYING
5.6300000000 -1923.5086486165 -0.3809314545 2942.4006149492 -2000.0000000000 0.0000000000 3000.0000000000 -0.0000697276 -0.0000013469 FLYING
5.6400000000 -1928.5597453845 -0.3558271471 2946.1954172424 -2000.0000000000 0.0000000000 3000.0000000000 -0.0000806063 -0.0000012946 FLYING
5.6500000000 -1933.6046898977 -0.3307452475 2949.9862337039 -2000.0000000000 0.0000000000 3000.0000000000 -0.0000918081 -0.0000012430 FLYING
5.6600000000 -1938.6434521516 -0.3056862494 2953.7731286320 -2000.0000000000 0.0000000000 3000.0000000000 -0.0001034071 -0.0000011922 FLYING
5.6700000000 -1943.6760007280 -0.2806506475 2957.5561680890 -2000.0000000000 0.0000000000 3000.0000000000 -0.0001155023 -0.0000011424 FLYING
5.6800000000 -1948.7023024254 -0.2556389376 2961.3354203885 -2000.0000000000 0.0000000000 3000.0000000000 -0.0001282300 -0.0000010940 FLYING
5.6900000000 -1953.7223217483 -0.2306516177 2965.1109567674 -2000.0000000000 0.0000000000 3000.0000000000 -0.0001417838 -0.0000010473 FLYING
5.7000000000 -1958.7360201851 -0.2056891890 2968.8828523391 -2000.0000000000 0.0000000000 3000.0000000000 -0.0001564477 -0.0000010030 FLYING
5.7100000000 -1963.7433551461 -0.1807521574 2972.6511874944 -2000.0000000000 0.0000000000 3000.0000000000 -0.0001726575 -0.0000009619 FLYING
5.7200000000 -1968.7442783364 -0.1558410361 2976.4160500523 -2000.0000000000 0.0000000000 3000.0000000000 -0.0001911188 -0.0000009255 FLYING
5.7300000000 -1973.7387331199 -0.1309563489 2980.1775387431 -2000.0000000000 0.0000000000 3000.0000000000 -0.0002130540 -0.0000008966 FLYING
5.7400000000 -1978.7266499525 -0.1060986368 2983.9357692475 -2000.0000000000 0.0000000000 3000.0000000000 -0.0002407830 -0.0000008803 FLYING
5.7500000000 -1983.7079377132 -0.0812684698 2987.6908856622 -2000.0000000000 0.0000000000 3000.0000000000 -0.0002792995 -0.0000008875 FLYING
5.7600000000 -1988.6824650391 -0.0564664717 2991.4430851909 -2000.0000000000 0.0000000000 3000.0000000000 -0.0003415807 -0.0000009468 FLYING
5.7700000000 -1993.6500118056 -0.0316933844 2995.1926823319 -2000.0000000000 0.0000000000 3000.0000000000 -0.0004738036 -0.0000011605 FLYING
5.7800000000 -1998.6100964157 -0.0069502964 2998.9403373393 -2000.0000000000 0.0000000000 3000.0000000000 -0.0009885176 -0.0000022206 FLYING
5.7900000000 -2003.5608063545 0.0177598161 3002.6886026700 -2000.0000000000 0.0000000000 3000.0000000000 -0.0218308385 -0.0000554767 SUCCESSFUL_INTERCEPT
