tof posE posN posU tgtE tgtN tgtU alpha beta lethality
0.0100000000 0.0001639990 -0.0000596907 0.0099984770 -2500.0000000000 0.0000000000 3000.0000000000 0.0010715295 0.0000000000 FLYING
0.0200000000 0.0004414546 -0.0001606763 0.0259353793 -2500.0000000000 0.0000000000 3000.0000000000 0.0006269568 0.0000000000 FLYING
0.0300000000 0.0009602569 -0.0003495049 0.0547593537 -2500.0000000000 0.0000000000 3000.0000000000 0.0003795364 -0.0000000000 FLYING
0.0400000000 0.0018539545 -0.0006747842 0.1034469196 -2500.0000000000 0.0000000000 3000.0000000000 0.0002421816 0.0000000000 FLYING
0.0500000000 0.0032580400 -0.0011858296 0.1790026923 -2500.0000000000 0.0000000000 3000.0000000000 0.0002125335 -0.0000000000 FLYING
0.0600000000 0.0047903646 -0.0017435501 0.2605821114 -2500.0000000000 0.0000000000 3000.0000000000 0.0001487837 -0.0000000000 FLYING
0.0700000000 0.0069788622 -0.0025400981 0.3762343233 -2500.0000000000 0.0000000000 3000.0000000000 0.0000996900 -0.0000000000 FLYING
0.0800000000 0.0098294233 -0.0035776175 0.5261312345 -2500.0000000000 0.0000000000 3000.0000000000 0.0000639179 -0.0000000000 FLYING
0.0900000000 0.0133455593 -0.0048573863 0.7104450632 -2500.0000000000 0.0000000000 3000.0000000000 0.0000352693 -0.0000000000 FLYING
0.1000000000 0.0175288124 -0.0063799660 0.9293483302 -2500.0000000000 0.0000000000 3000.0000000000 0.0000108660 -0.0000000000 FLYING
0.1100000000 0.0223789653 -0.0081452772 1.1830138538 -2500.0000000000 0.0000000000 3000.0000000000 -0.0000108122 -0.0000000000 FLYING
0.1200000000 0.0278941584 -0.0101526433 1.4716147464 -2500.0000000000 0.0000000000 3000.0000000000 -0.0000306445 -0.0000000000 FLYING
0.1300000000 0.0340709582 -0.0124008146 1.7953244119 -2500.0000000000 0.0000000000 3000.0000000000 -0.0000491749 -0.0000000000 FLYING
0.1400000000 0.0409043976 -0.0148879832 2.1543165443 -2500.0000000000 0.0000000000 3000.0000000000 -0.0000667582 -0.0000000000 FLYING
0.1500000000 0.0483879982 -0.0176117910 2.5487651255 -2500.0000000000 0.0000000000 3000.0000000000 -0.0000836359 -0.0000000000 FLYING
0.1600000000 0.0565137812 -0.0205693342 2.9788444237 -2500.0000000000 0.0000000000 3000.0000000000 -0.0000999780 -0.0000000001 FLYING
0.1700000000 0.0652722709 -0.0237571638 3.4447289916 -2500.0000000000 0.0000000000 3000.0000000000 -0.0001159078 -0.0000000003 FLYING
0.1800000000 0.0746524920 -0.0271712852 3.9465936651 -2500.0000000000 0.0000000000 3000.0000000000 -0.0001315168 -0.0000000014 FLYING
0.1900000000 0.0846419631 -0.0308071564 4.4846135616 -2500.0000000000 0.0000000000 3000.0000000000 -0.0001468744 -0.0000000065 FLYING
0.2000000000 0.0952266866 -0.0346596857 5.0589640779 -2500.0000000000 0.0000000000 3000.0000000000 -0.0001620343 -0.0000000286 FLYING
0.2100000000 0.1063911338 -0.0387232361 5.6698208890 -2500.0000000000 0.0000000000 3000.0000000000 -0.0001770386 -0.0000001219 FLYING
0.2200000000 0.1181182183 -0.0429916549 6.3173599457 -2500.0000000000 0.0000000000 3000.0000000000 -0.0001919205 -0.0000005062 FLYING
0.2300000000 0.1303892263 -0.0474584195 7.0017574729 -2500.0000000000 0.0000000000 3000.0000000000 -0.0002067059 -0.0000020578 FLYING
0.2400000000 0.1431835706 -0.0521172636 7.7231899674 -2500.0000000000 0.0000000000 3000.0000000000 -0.0002214112 -0.0000082139 FLYING
0.2500000000 0.1564778295 -0.0569647760 8.4818341953 -2500.0000000000 0.0000000000 3000.0000000000 -0.0002360310 -0.0000322354 FLYING
0.2600000000 0.1702419057 -0.0620109166 9.2778671899 -2500.0000000000 0.0000000000 3000.0000000000 -0.0002504828 -0.0000975889 FLYING
0.2700000000 0.1844314159 -0.0672996875 10.1114662471 -2500.0000000000 0.0000000000 3000.0000000000 -0.0002645250 -0.0001037930 FLYING
0.2800000000 0.1990156639 -0.0728321185 10.9828032692 -2500.0000000000 0.0000000000 3000.0000000000 -0.0002784543 -0.0001104104 FLYING
0.2900000000 0.2139611968 -0.0786089818 11.8919995583 -2500.0000000000 0.0000000000 3000.0000000000 -0.0002922338 -0.0001173418 FLYING
0.3000000000 0.2292327281 -0.0846310276 12.8391766740 -2500.0000000000 0.0000000000 3000.0000000000 -0.0003058552 -0.0001246179 FLYING
0.3100000000 0.2447931211 -0.0908989848 13.8244564309 -2500.0000000000 0.0000000000 3000.0000000000 -0.0003193065 -0.0001322726 FLYING
0.3200000000 0.2606033727 -0.0974135614 14.8479608959 -2500.0000000000 0.0000000000 3000.0000000000 -0.0003325718 -0.0001403437 FLYING
0.3300000000 0.2766225962 -0.1041754455 15.9098123851 -2500.0000000000 0.0000000000 3000.0000000000 -0.0003456307 -0.0001488736 FLYING
0.3400000000 0.2928080043 -0.1111853049 17.0101334611 -2500.0000000000 0.0000000000 3000.0000000000 -0.0003584576 -0.0001579093 FLYING
0.3500000000 0.3091148911 -0.1184437882 18.1490469296 -2500.0000000000 0.0000000000 3000.0000000000 -0.0003710212 -0.0001675043 FLYING
0.3600000000 0.3254966149 -0.1259515249 19.3266758361 -2500.0000000000 0.0000000000 3000.0000000000 -0.0003832832 -0.0001777183 FLYING
0.3700000000 0.3419045795 -0.1337091253 20.5431434622 -2500.0000000000 0.0000000000 3000.0000000000 -0.0003951968 -0.0001886188 FLYING
0.3800000000 0.3582882161 -0.1417171813 21.7985733222 -2500.0000000000 0.0000000000 3000.0000000000 -0.0004067053 -0.0002002823 FLYING
0.3900000000 0.3745949645 -0.1499762668 23.0930891587 -2500.0000000000 0.0000000000 3000.0000000000 -0.0004177397 -0.0002127952 FLYING
0.4000000000 0.3907702541 -0.1584869372 24.4268149392 -2500.0000000000 0.0000000000 3000.0000000000 -0.0004282158 -0.0002262554 FLYING
0.4100000000 0.4067574852 -0.1672497307 25.7998748510 -2500.0000000000 0.0000000000 3000.0000000000 -0.0004380305 -0.0002407741 FLYING
0.4200000000 0.4224980092 -0.1762651678 27.2123932972 -2500.0000000000 0.0000000000 3000.0000000000 -0.0004470576 -0.0002564772 FLYING
0.4300000000 0.4379311093 -0.1855337525 28.6644948921 -2500.0000000000 0.0000000000 3000.0000000000 -0.0004551411 -0.0002735067 FLYING
0.4400000000 0.4529939803 -0.1950559721 30.1563044560 -2500.0000000000 0.0000000000 3000.0000000000 -0.0004620881 -0.0002920230 FLYING
0.4500000000 0.4676217095 -0.2048322983 31.6879470102 -2500.0000000000 0.0000000000 3000.0000000000 -0.0004676589 -0.0003122046 FLYING
0.4600000000 0.4817472554 -0.2148631877 33.2595477719 -2500.0000000000 0.0000000000 3000.0000000000 -0.0004715538 -0.0003342491 FLYING
0.4700000000 0.4953014280 -0.2251490827 34.8712321483 -2500.0000000000 0.0000000000 3000.0000000000 -0.0004733981 -0.0003583701 FLYING
0.4800000000 0.5082128679 -0.2356904130 36.5231257313 -2500.0000000000 0.0000000000 3000.0000000000 -0.0004727215 -0.0003847915 FLYING
0.4900000000 0.5204080252 -0.2464875968 38.2153542912 -2500.0000000000 0.0000000000 3000.0000000000 -0.0004689343 -0.0004137357 FLYING
0.5000000000 0.5318111381 -0.2575410424 39.9480437704 -2500.0000000000 0.0000000000 3000.0000000000 -0.0004613000 -0.0004454013 FLYING
0.5100000000 0.5423442116 -0.2688511509 41.7213202777 -2500.0000000000 0.0000000000 3000.0000000000 -0.0004489066 -0.0004799265 FLYING
0.5200000000 0.5519269948 -0.2804183177 43.5353100807 -2500.0000000000 0.0000000000 3000.0000000000 -0.0004306432 -0.0005173287 FLYING
0.5300000000 0.5604769582 -0.2922429359 45.3901395995 -2500.0000000000 0.0000000000 3000.0000000000 -0.0004051949 -0.0005574152 FLYING
0.5400000000 0.5679092701 -0.3043253972 47.2859353993 -2500.0000000000 0.0000000000 3000.0000000000 -0.0003710811 -0.0005996620 FLYING
0.5500000000 0.5741367299 -0.3166660237 49.2228132348 -2500.0000000000 0.0000000000 3000.0000000000 -0.0003267669 -0.0006430612 FLYING
0.5600000000 0.5790696769 -0.3292648561 51.2008451018 -2500.0000000000 0.0000000000 3000.0000000000 -0.0002708758 -0.0006859351 FLYING
0.5700000000 0.5826162377 -0.3421219269 53.2201029661 -2500.0000000000 0.0000000000 3000.0000000000 -0.0002026075 -0.0007259327 FLYING
0.5800000000 0.5846823133 -0.3552372494 55.2806587549 -2500.0000000000 0.0000000000 3000.0000000000 -0.0001221923 -0.0007601377 FLYING
0.5900000000 0.5851715788 -0.3686107874 57.3825819328 -2500.0000000000 0.0000000000 3000.0000000000 -0.0000313111 -0.0007855128 FLYING
0.6000000000 0.5839854925 -0.3822424339 59.5259386815 -2500.0000000000 0.0000000000 3000.0000000000 0.0000668166 -0.0007996090 FLYING
0.6100000000 0.5810232955 -0.3961320149 61.7107946472 -2500.0000000000 0.0000000000 3000.0000000000 0.0001678789 -0.0008012724 FLYING
0.6200000000 0.5761820116 -0.4102792898 63.9372149141 -2500.0000000000 0.0000000000 3000.0000000000 0.0002673600 -0.0007909973 FLYING
0.6300000000 0.5693564395 -0.4246839647 66.2052639777 -2500.0000000000 0.0000000000 3000.0000000000 0.0003614854 -0.0007707059 FLYING
0.6400000000 0.5604391360 -0.4393457116 68.5150057180 -2500.0000000000 0.0000000000 3000.0000000000 0.0004478009 -0.0007431092 FLYING
0.6500000000 0.5493203934 -0.4542641836 70.8665033713 -2500.0000000000 0.0000000000 3000.0000000000 0.0005252376 -0.0007110054 FLYING
0.6600000000 0.5358882178 -0.4694390221 73.2598195022 -2500.0000000000 0.0000000000 3000.0000000000 0.0005938154 -0.0006767943 FLYING
0.6700000000 0.5200283114 -0.4848698565 75.6950159752 -2500.0000000000 0.0000000000 3000.0000000000 0.0006542290 -0.0006422763 FLYING
0.6800000000 0.5016240601 -0.5005563000 78.1721539254 -2500.0000000000 0.0000000000 3000.0000000000 0.0007074887 -0.0006086602 FLYING
0.6900000000 0.4805565243 -0.5164979449 80.6912937294 -2500.0000000000 0.0000000000 3000.0000000000 0.0007546764 -0.0005766727 FLYING
0.7000000000 0.4567044324 -0.5326943595 83.2524949752 -2500.0000000000 0.0000000000 3000.0000000000 0.0007968106 -0.0005466899 FLYING
0.7100000000 0.4299441741 -0.5491450856 85.8558164318 -2500.0000000000 0.0000000000 3000.0000000000 0.0008347855 -0.0005188535 FLYING
0.7200000000 0.4001497946 -0.5658496375 88.5013160185 -2500.0000000000 0.0000000000 3000.0000000000 0.0008693560 -0.0004931591 FLYING
0.7300000000 0.3671929883 -0.5828075019 91.1890507737 -2500.0000000000 0.0000000000 3000.0000000000 0.0009011449 -0.0004695176 FLYING
0.7400000000 0.3309430921 -0.6000181377 93.9190768232 -2500.0000000000 0.0000000000 3000.0000000000 0.0009306592 -0.0004477959 FLYING
0.7500000000 0.2912670791 -0.6174809763 96.6914493480 -2500.0000000000 0.0000000000 3000.0000000000 0.0009583087 -0.0004278417 FLYING
0.7600000000 0.2480295517 -0.6351954217 99.5062225517 -2500.0000000000 0.0000000000 3000.0000000000 0.0009844242 -0.0004094994 FLYING
0.7700000000 0.2010927352 -0.6531608504 102.3634496276 -2500.0000000000 0.0000000000 3000.0000000000 0.0010092726 -0.0003926183 FLYING
0.7800000000 0.1503164709 -0.6713766120 105.2631827250 -2500.0000000000 0.0000000000 3000.0000000000 0.0010330665 -0.0003770560 FLYING
0.7900000000 0.0955582545 -0.6898420179 108.2054711181 -2500.0000000000 0.0000000000 3000.0000000000 0.0010559674 -0.0003626784 FLYING
0.8000000000 0.0366734143 -0.7085563006 111.1903544277 -2500.0000000000 0.0000000000 3000.0000000000 0.0010781298 -0.0003493739 FLYING
0.8100000000 -0.0264850558 -0.7275186615 114.2178704841 -2500.0000000000 0.0000000000 3000.0000000000 0.0010996752 -0.0003370390 FLYING
0.8200000000 -0.0940662183 -0.7467281870 117.2880419095 -2500.0000000000 0.0000000000 3000.0000000000 0.0011207021 -0.0003255800 FLYING
0.8300000000 -0.1662207216 -0.7661837364 120.4008581542 -2500.0000000000 0.0000000000 3000.0000000000 0.0011412656 -0.0003149059 FLYING
0.8400000000 -0.2431013306 -0.7858841379 123.5563066130 -2500.0000000000 0.0000000000 3000.0000000000 0.0011614315 -0.0003049432 FLYING
0.8500000000 -0.3248629172 -0.8058281884 126.7543725785 -2500.0000000000 0.0000000000 3000.0000000000 0.0011812542 -0.0002956261 FLYING
0.8600000000 -0.4116624485 -0.8260146535 129.9950391947 -2500.0000000000 0.0000000000 3000.0000000000 0.0012007520 -0.0002868884 FLYING
0.8700000000 -0.5036588819 -0.8464422714 133.2782874203 -2500.0000000000 0.0000000000 3000.0000000000 0.0012198843 -0.0002786577 FLYING
0.8800000000 -0.6010128768 -0.8671097663 136.6040960091 -2500.0000000000 0.0000000000 3000.0000000000 0.0012387826 -0.0002709180 FLYING
0.8900000000 -0.7038871100 -0.8880158303 139.9724414331 -2500.0000000000 0.0000000000 3000.0000000000 0.0012574734 -0.0002636274 FLYING
0.9000000000 -0.8124462566 -0.9091591240 143.3832978373 -2500.0000000000 0.0000000000 3000.0000000000 0.0012759802 -0.0002567481 FLYING
0.9100000000 -0.9268569732 -0.9305382763 146.8366369935 -2500.0000000000 0.0000000000 3000.0000000000 0.0012943228 -0.0002502467 FLYING
0.9200000000 -1.0472878801 -0.9521518840 150.3324282553 -2500.0000000000 0.0000000000 3000.0000000000 0.0013125184 -0.0002440929 FLYING
0.9300000000 -1.1739095431 -0.9739985121 153.8706385124 -2500.0000000000 0.0000000000 3000.0000000000 0.0013305814 -0.0002382596 FLYING
0.9400000000 -1.3068944536 -0.9960766930 157.4512321457 -2500.0000000000 0.0000000000 3000.0000000000 0.0013485918 -0.0002327356 FLYING
0.9500000000 -1.4464175880 -1.0183849722 161.0741795585 -2500.0000000000 0.0000000000 3000.0000000000 0.0013667253 -0.0002275281 FLYING
0.9600000000 -1.5926578813 -1.0409220161 164.7394776954 -2500.0000000000 0.0000000000 3000.0000000000 0.0013847865 -0.0002225733 FLYING
0.9700000000 -1.7457965053 -1.0636864680 168.4471226890 -2500.0000000000 0.0000000000 3000.0000000000 0.0014027865 -0.0002178535 FLYING
0.9800000000 -1.9060168782 -1.0866769473 172.1971098446 -2500.0000000000 0.0000000000 3000.0000000000 0.0014207333 -0.0002133523 FLYING
0.9900000000 -2.0735046665 -1.1098920494 175.9894336263 -2500.0000000000 0.0000000000 3000.0000000000 0.0014386336 -0.0002090547 FLYING
1.0000000000 -2.2484477858 -1.1333303456 179.8240876428 -2500.0000000000 0.0000000000 3000.0000000000 0.0014564938 -0.0002049470 FLYING
1.0100000000 -2.4310364020 -1.1569903830 183.7010646329 -2500.0000000000 0.0000000000 3000.0000000000 0.0014743193 -0.0002010169 FLYING
1.0200000000 -2.6214629329 -1.1808706844 187.6203564508 -2500.0000000000 0.0000000000 3000.0000000000 0.0014921148 -0.0001972528 FLYING
1.0300000000 -2.8199220483 -1.2049697483 191.5819540510 -2500.0000000000 0.0000000000 3000.0000000000 0.0015098847 -0.0001936443 FLYING
1.0400000000 -3.0266106717 -1.2292860484 195.5858474735 -2500.0000000000 0.0000000000 3000.0000000000 0.0015276329 -0.0001901818 FLYING
1.0500000000 -3.2417279804 -1.2538180340 199.6320258286 -2500.0000000000 0.0000000000 3000.0000000000 0.0015453628 -0.0001868565 FLYING
1.0600000000 -3.4654754062 -1.2785641294 203.7204772810 -2500.0000000000 0.0000000000 3000.0000000000 0.0015630910 -0.0001836626 FLYING
1.0700000000 -3.6980566966 -1.3035227307 207.8511891028 -2500.0000000000 0.0000000000 3000.0000000000 0.0015808471 -0.0001805972 FLYING
1.0800000000 -3.9396780393 -1.3286921981 212.0241477894 -2500.0000000000 0.0000000000 3000.0000000000 0.0015985949 -0.0001776457 FLYING
1.0900000000 -4.1905478456 -1.3540708621 216.2393380632 -2500.0000000000 0.0000000000 3000.0000000000 0.0016163365 -0.0001748020 FLYING
1.1000000000 -4.4508767211 -1.3796570205 220.4967424606 -2500.0000000000 0.0000000000 3000.0000000000 0.0016340742 -0.0001720599 FLYING
1.1100000000 -4.7208775342 -1.4054489453 224.7963424961 -2500.0000000000 0.0000000000 3000.0000000000 0.0016518100 -0.0001694142 FLYING
1.1200000000 -5.0007654152 -1.4314448830 229.1381186452 -2500.0000000000 0.0000000000 3000.0000000000 0.0016695455 -0.0001668596 FLYING
1.1300000000 -5.2907577570 -1.4576430541 233.5220503277 -2500.0000000000 0.0000000000 3000.0000000000 0.0016872823 -0.0001643914 FLYING
1.1400000000 -5.5910742144 -1.4840416532 237.9481158898 -2500.0000000000 0.0000000000 3000.0000000000 0.0017050216 -0.0001620052 FLYING
1.1500000000 -5.9019367037 -1.5106388485 242.4162925875 -2500.0000000000 0.0000000000 3000.0000000000 0.0017227649 -0.0001596968 FLYING
1.1600000000 -6.2235694022 -1.5374327823 246.9265565681 -2500.0000000000 0.0000000000 3000.0000000000 0.0017405131 -0.0001574624 FLYING
1.1700000000 -6.5561987475 -1.5644215704 251.4788828527 -2500.0000000000 0.0000000000 3000.0000000000 0.0017582674 -0.0001552984 FLYING
1.1800000000 -6.9000534362 -1.5916033022 256.0732453181 -2500.0000000000 0.0000000000 3000.0000000000 0.0017760286 -0.0001532013 FLYING
1.1900000000 -7.2553644233 -1.6189760405 260.7096166784 -2500.0000000000 0.0000000000 3000.0000000000 0.0017937977 -0.0001511681 FLYING
1.2000000000 -7.6223649203 -1.6465378213 265.3879684665 -2500.0000000000 0.0000000000 3000.0000000000 0.0018115753 -0.0001491958 FLYING
1.2100000000 -8.0012903941 -1.6742866540 270.1082710155 -2500.0000000000 0.0000000000 3000.0000000000 0.0018293621 -0.0001472815 FLYING
1.2200000000 -8.3923785652 -1.7022205208 274.8704934397 -2500.0000000000 0.0000000000 3000.0000000000 0.0018471589 -0.0001454228 FLYING
1.2300000000 -8.7958694058 -1.7303373772 279.6746036151 -2500.0000000000 0.0000000000 3000.0000000000 0.0018649660 -0.0001436170 FLYING
1.2400000000 -9.2120051375 -1.7586351514 284.5205681610 -2500.0000000000 0.0000000000 3000.0000000000 0.0018827841 -0.0001418620 FLYING
1.2500000000 -9.6410302291 -1.7871117441 289.4083524193 -2500.0000000000 0.0000000000 3000.0000000000 0.0019006135 -0.0001401555 FLYING
1.2600000000 -10.0831913944 -1.8157650289 294.3379204358 -2500.0000000000 0.0000000000 3000.0000000000 0.0019184547 -0.0001384954 FLYING
1.2700000000 -10.5387375886 -1.8445928520 299.3092349396 -2500.0000000000 0.0000000000 3000.0000000000 0.0019363080 -0.0001368799 FLYING
1.2800000000 -11.0079200062 -1.8735930316 304.3222573233 -2500.0000000000 0.0000000000 3000.0000000000 0.0019541737 -0.0001353070 FLYING
1.2900000000 -11.4909920772 -1.9027633584 309.3769476224 -2500.0000000000 0.0000000000 3000.0000000000 0.0019720520 -0.0001337752 FLYING
1.3000000000 -11.9882094637 -1.9321015954 314.4732644951 -2500.0000000000 0.0000000000 3000.0000000000 0.0019899431 -0.0001322826 FLYING
1.3100000000 -12.4998300566 -1.9616054775 319.6111652013 -2500.0000000000 0.0000000000 3000.0000000000 0.0020078473 -0.0001308278 FLYING
1.3200000000 -13.0261139709 -1.9912727114 324.7906055818 -2500.0000000000 0.0000000000 3000.0000000000 0.0020257647 -0.0001294093 FLYING
1.3300000000 -13.5673235421 -2.0211009760 330.0115400374 -2500.0000000000 0.0000000000 3000.0000000000 0.0020436954 -0.0001280257 FLYING
1.3400000000 -14.1237233213 -2.0510879215 335.2739215071 -2500.0000000000 0.0000000000 3000.0000000000 0.0020616395 -0.0001266757 FLYING
1.3500000000 -14.6955800708 -2.0812311702 340.5777014470 -2500.0000000000 0.0000000000 3000.0000000000 0.0020795978 -0.0001253581 FLYING
1.3600000000 -15.2831627118 -2.1115283127 345.9228293417 -2500.0000000000 0.0000000000 3000.0000000000 0.0020975702 -0.0001240716 FLYING
1.3700000000 -15.8867423145 -2.1419769086 351.3092526809 -2500.0000000000 0.0000000000 3000.0000000000 0.0021155556 -0.0001228151 FLYING
1.3800000000 -16.5065921360 -2.1725744890 356.7369174036 -2500.0000000000 0.0000000000 3000.0000000000 0.0021334913 -0.0001215831 FLYING
1.3900000000 -17.1429868301 -2.2033185417 362.2057641403 -2500.0000000000 0.0000000000 3000.0000000000 0.0021513505 -0.0001203732 FLYING
1.4000000000 -17.7962020712 -2.2342065065 367.7157266875 -2500.0000000000 0.0000000000 3000.0000000000 0.0021692150 -0.0001191902 FLYING
1.4100000000 -18.4665155443 -2.2652357933 373.2667369453 -2500.0000000000 0.0000000000 3000.0000000000 0.0021870833 -0.0001180331 FLYING
1.4200000000 -19.1542069263 -2.2964037829 378.8587248944 -2500.0000000000 0.0000000000 3000.0000000000 0.0022049549 -0.0001169012 FLYING
1.4300000000 -19.8595578712 -2.3277078264 384.4916185703 -2500.0000000000 0.0000000000 3000.0000000000 0.0022228297 -0.0001157934 FLYING
1.4400000000 -20.5828519961 -2.3591452455 390.1653440385 -2500.0000000000 0.0000000000 3000.0000000000 0.0022407072 -0.0001147090 FLYING
1.4500000000 -21.3243748661 -2.3907133323 395.8798253691 -2500.0000000000 0.0000000000 3000.0000000000 0.0022585869 -0.0001136473 FLYING
1.4600000000 -22.0844139785 -2.4224093493 401.6349846118 -2500.0000000000 0.0000000000 3000.0000000000 0.0022764685 -0.0001126074 FLYING
1.4700000000 -22.8632587475 -2.4542305294 407.4307417706 -2500.0000000000 0.0000000000 3000.0000000000 0.0022943514 -0.0001115886 FLYING
1.4800000000 -23.6612004870 -2.4861740757 413.2670147781 -2500.0000000000 0.0000000000 3000.0000000000 0.0023122352 -0.0001105904 FLYING
1.4900000000 -24.4785323941 -2.5182371615 419.1437194706 -2500.0000000000 0.0000000000 3000.0000000000 0.0023301193 -0.0001096120 FLYING
1.5000000000 -25.3155495314 -2.5504169305 425.0607695620 -2500.0000000000 0.0000000000 3000.0000000000 0.0023480033 -0.0001086528 FLYING
1.5100000000 -26.1725488091 -2.5827104964 431.0180766190 -2500.0000000000 0.0000000000 3000.0000000000 0.0023658865 -0.0001077121 FLYING
1.5200000000 -27.0498289661 -2.6151149431 437.0155500352 -2500.0000000000 0.0000000000 3000.0000000000 0.0023837684 -0.0001067896 FLYING
1.5300000000 -27.9476905514 -2.6476273248 443.0530970054 -2500.0000000000 0.0000000000 3000.0000000000 0.0024016484 -0.0001058845 FLYING
1.5400000000 -28.8664359044 -2.6802446657 449.1306225006 -2500.0000000000 0.0000000000 3000.0000000000 0.0024195258 -0.0001049964 FLYING
1.5500000000 -29.8063691341 -2.7129639599 455.2480292421 -2500.0000000000 0.0000000000 3000.0000000000 0.0024374000 -0.0001041247 FLYING
1.5600000000 -30.7677960992 -2.7457821721 461.4052176759 -2500.0000000000 0.0000000000 3000.0000000000 0.0024552704 -0.0001032690 FLYING
1.5700000000 -31.7510243861 -2.7786962365 467.6020859475 -2500.0000000000 0.0000000000 3000.0000000000 0.0024731361 -0.0001024287 FLYING
1.5800000000 -32.7563632874 -2.8117030578 473.8385298763 -2500.0000000000 0.0000000000 3000.0000000000 0.0024909966 -0.0001016035 FLYING
1.5900000000 -33.7841237791 -2.8447995106 480.1144429299 -2500.0000000000 0.0000000000 3000.0000000000 0.0025088510 -0.0001007930 FLYING
1.6000000000 -34.8346184981 -2.8779824397 486.4297161990 -2500.0000000000 0.0000000000 3000.0000000000 0.0025266987 -0.0000999966 FLYING
1.6100000000 -35.9081617177 -2.9112486599 492.7842383721 -2500.0000000000 0.0000000000 3000.0000000000 0.0025445388 -0.0000992140 FLYING
1.6200000000 -37.0050693240 -2.9445949563 499.1778957099 -2500.0000000000 0.0000000000 3000.0000000000 0.0025623725 -0.0000984449 FLYING
1.6300000000 -38.1256584487 -2.9780180732 505.6105699787 -2500.0000000000 0.0000000000 3000.0000000000 0.0025801976 -0.0000976889 FLYING
1.6400000000 -39.2702475329 -3.0115147184 512.0821391049 -2500.0000000000 0.0000000000 3000.0000000000 0.0025980114 -0.0000969454 FLYING
1.6500000000 -40.4391565175 -3.0450815698 518.5924785140 -2500.0000000000 0.0000000000 3000.0000000000 0.0026158128 -0.0000962143 FLYING
1.6600000000 -41.6327068168 -3.0787152764 525.1414611056 -2500.0000000000 0.0000000000 3000.0000000000 0.0026336012 -0.0000954951 FLYING
1.6700000000 -42.8512212901 -3.1124124573 531.7289572294 -2500.0000000000 0.0000000000 3000.0000000000 0.0026513754 -0.0000947875 FLYING
1.6800000000 -44.0950242130 -3.1461697025 538.3548346611 -2500.0000000000 0.0000000000 3000.0000000000 0.0026691346 -0.0000940912 FLYING
1.6900000000 -45.3644412485 -3.1799835727 545.0189585786 -2500.0000000000 0.0000000000 3000.0000000000 0.0026868779 -0.0000934060 FLYING
1.7000000000 -46.6597994165 -3.2138505996 551.7211915379 -2500.0000000000 0.0000000000 3000.0000000000 0.0027045747 -0.0000927300 FLYING
1.7100000000 -47.9814268435 -3.2477672899 558.4613933793 -2500.0000000000 0.0000000000 3000.0000000000 0.0027222208 -0.0000920629 FLYING
1.7200000000 -49.3296527014 -3.2817301266 565.2394211978 -2500.0000000000 0.0000000000 3000.0000000000 0.0027398467 -0.0000914060 FLYING
1.7300000000 -50.7048074067 -3.3157355638 572.0551293979 -2500.0000000000 0.0000000000 3000.0000000000 0.0027574507 -0.0000907591 FLYING
1.7400000000 -52.1072225846 -3.3497800270 578.9083696709 -2500.0000000000 0.0000000000 3000.0000000000 0.0027750318 -0.0000901220 FLYING
1.7500000000 -53.5372310354 -3.3838599135 585.7989909728 -2500.0000000000 0.0000000000 3000.0000000000 0.0027925888 -0.0000894943 FLYING
1.7600000000 -54.9951667000 -3.4179715919 592.7268395021 -2500.0000000000 0.0000000000 3000.0000000000 0.0028101207 -0.0000888758 FLYING
1.7700000000 -56.4813646250 -3.4521114031 599.6917586780 -2500.0000000000 0.0000000000 3000.0000000000 0.0028276262 -0.0000882663 FLYING
1.7800000000 -57.9961609267 -3.4862756595 606.6935891183 -2500.0000000000 0.0000000000 3000.0000000000 0.0028451041 -0.0000876656 FLYING
1.7900000000 -59.5398927552 -3.5204606459 613.7321686187 -2500.0000000000 0.0000000000 3000.0000000000 0.0028625533 -0.0000870735 FLYING
1.8000000000 -61.1128982566 -3.5546626191 620.8073321314 -2500.0000000000 0.0000000000 3000.0000000000 0.0028799725 -0.0000864897 FLYING
1.8100000000 -62.7155165357 -3.5888778085 627.9189117445 -2500.0000000000 0.0000000000 3000.0000000000 0.0028973604 -0.0000859141 FLYING
1.8200000000 -64.3480876173 -3.6231024158 635.0667366617 -2500.0000000000 0.0000000000 3000.0000000000 0.0029147158 -0.0000853465 FLYING
1.8300000000 -66.0109524069 -3.6573326157 642.2506331824 -2500.0000000000 0.0000000000 3000.0000000000 0.0029320374 -0.0000847866 FLYING
1.8400000000 -67.7044526508 -3.6915645555 649.4704246819 -2500.0000000000 0.0000000000 3000.0000000000 0.0029493238 -0.0000842343 FLYING
1.8500000000 -69.4289308955 -3.7257943559 656.7259315924 -2500.0000000000 0.0000000000 3000.0000000000 0.0029665737 -0.0000836894 FLYING
1.8600000000 -71.1847304462 -3.7600181106 664.0169713841 -2500.0000000000 0.0000000000 3000.0000000000 0.0029837856 -0.0000831517 FLYING
1.8700000000 -72.9721953246 -3.7942318869 671.3433585470 -2500.0000000000 0.0000000000 3000.0000000000 0.0030009583 -0.0000826211 FLYING
1.8800000000 -74.7916702265 -3.8284317259 678.7049045727 -2500.0000000000 0.0000000000 3000.0000000000 0.0030180902 -0.0000820974 FLYING
1.8900000000 -76.6435004778 -3.8626136426 686.1014179370 -2500.0000000000 0.0000000000 3000.0000000000 0.0030351845 -0.0000815806 FLYING
1.9000000000 -78.5280304300 -3.8967735966 693.5326977879 -2500.0000000000 0.0000000000 3000.0000000000 0.0030522345 -0.0000810703 FLYING
1.9100000000 -80.4456042188 -3.9309075105 700.9985375349 -2500.0000000000 0.0000000000 3000.0000000000 0.0030692358 -0.0000805664 FLYING
1.9200000000 -82.3965663627 -3.9650112824 708.4987275395 -2500.0000000000 0.0000000000 3000.0000000000 0.0030861868 -0.0000800687 FLYING
1.9300000000 -84.3812617152 -3.9990807862 716.0330551017 -2500.0000000000 0.0000000000 3000.0000000000 0.0031030860 -0.0000795770 FLYING
1.9400000000 -86.4000354165 -4.0331118720 723.6013044461 -2500.0000000000 0.0000000000 3000.0000000000 0.0031199318 -0.0000790912 FLYING
1.9500000000 -88.4532328444 -4.0671003666 731.2032567095 -2500.0000000000 0.0000000000 3000.0000000000 0.0031367227 -0.0000786112 FLYING
1.9600000000 -90.5411995641 -4.1010420734 738.8386899290 -2500.0000000000 0.0000000000 3000.0000000000 0.0031534570 -0.0000781369 FLYING
1.9700000000 -92.6642812779 -4.1349327729 746.5073790305 -2500.0000000000 0.0000000000 3000.0000000000 0.0031701330 -0.0000776681 FLYING
1.9800000000 -94.8228237739 -4.1687682231 754.2090958179 -2500.0000000000 0.0000000000 3000.0000000000 0.0031867492 -0.0000772048 FLYING
1.9900000000 -97.0171728738 -4.2025441599 761.9436089630 -2500.0000000000 0.0000000000 3000.0000000000 0.0032033038 -0.0000767467 FLYING
2.0000000000 -99.2476743806 -4.2362562971 769.7106839959 -2500.0000000000 0.0000000000 3000.0000000000 0.0032197951 -0.0000762938 FLYING
2.0100000000 -101.5146740251 -4.2699003271 777.5100832969 -2500.0000000000 0.0000000000 3000.0000000000 0.0032362213 -0.0000758460 FLYING
2.0200000000 -103.8185174122 -4.3034719212 785.3415660878 -2500.0000000000 0.0000000000 3000.0000000000 0.0032525808 -0.0000754032 FLYING
2.0300000000 -106.1595499657 -4.3369667299 793.2048884250 -2500.0000000000 0.0000000000 3000.0000000000 0.0032688081 -0.0000749635 FLYING
2.0400000000 -108.5381172870 -4.3703804028 801.0998063816 -2500.0000000000 0.0000000000 3000.0000000000 0.0032849597 -0.0000745285 FLYING
2.0500000000 -110.9545647811 -4.4037085718 809.0260732401 -2500.0000000000 0.0000000000 3000.0000000000 0.0033010392 -0.0000740982 FLYING
2.0600000000 -113.4092375549 -4.4369468490 816.9834391670 -2500.0000000000 0.0000000000 3000.0000000000 0.0033170448 -0.0000736725 FLYING
2.0700000000 -115.9024803608 -4.4700908276 824.9716512090 -2500.0000000000 0.0000000000 3000.0000000000 0.0033329747 -0.0000732513 FLYING
2.0800000000 -118.4346375406 -4.5031360820 832.9904532891 -2500.0000000000 0.0000000000 3000.0000000000 0.0033488268 -0.0000728345 FLYING
2.0900000000 -121.0060529686 -4.5360781684 841.0395862044 -2500.0000000000 0.0000000000 3000.0000000000 0.0033645995 -0.0000724220 FLYING
2.1000000000 -123.6170699945 -4.5689126251 849.1187876239 -2500.0000000000 0.0000000000 3000.0000000000 0.0033802907 -0.0000720138 FLYING
2.1100000000 -126.2680313852 -4.6016349732 857.2277920882 -2500.0000000000 0.0000000000 3000.0000000000 0.0033958986 -0.0000716097 FLYING
2.1200000000 -128.9592792667 -4.6342407168 865.3663310084 -2500.0000000000 0.0000000000 3000.0000000000 0.0034114213 -0.0000712097 FLYING
2.1300000000 -131.6911550647 -4.6667253435 873.5341326682 -2500.0000000000 0.0000000000 3000.0000000000 0.0034268566 -0.0000708136 FLYING
2.1400000000 -134.4639994452 -4.6990843248 881.7309222247 -2500.0000000000 0.0000000000 3000.0000000000 0.0034422028 -0.0000704215 FLYING
2.1500000000 -137.2781522543 -4.7313131171 889.9564217114 -2500.0000000000 0.0000000000 3000.0000000000 0.0034574577 -0.0000700331 FLYING
2.1600000000 -140.1339524575 -4.7634071614 898.2103500421 -2500.0000000000 0.0000000000 3000.0000000000 0.0034726166 -0.0000696484 FLYING
2.1700000000 -143.0317361314 -4.7953618635 906.4924175209 -2500.0000000000 0.0000000000 3000.0000000000 0.0034876773 -0.0000692673 FLYING
2.1800000000 -145.9718377704 -4.8271726107 914.8023299696 -2500.0000000000 0.0000000000 3000.0000000000 0.0035026377 -0.0000688897 FLYING
2.1900000000 -148.9545906954 -4.8588347776 923.1397901136 -2500.0000000000 0.0000000000 3000.0000000000 0.0035174957 -0.0000685156 FLYING
2.2000000000 -151.9803269898 -4.8903437270 931.5044975897 -2500.0000000000 0.0000000000 3000.0000000000 0.0035322492 -0.0000681448 FLYING
2.2100000000 -155.0493774352 -4.9216948103 939.8961489571 -2500.0000000000 0.0000000000 3000.0000000000 0.0035468961 -0.0000677773 FLYING
2.2200000000 -158.1620714465 -4.9528833677 948.3144377078 -2500.0000000000 0.0000000000 3000.0000000000 0.0035614342 -0.0000674131 FLYING
2.2300000000 -161.3187370069 -4.9839047297 956.7590542792 -2500.0000000000 0.0000000000 3000.0000000000 0.0035758614 -0.0000670521 FLYING
2.2400000000 -164.5197006022 -5.0147542168 965.2296860672 -2500.0000000000 0.0000000000 3000.0000000000 0.0035901755 -0.0000666941 FLYING
2.2500000000 -167.7652871550 -5.0454271406 973.7260174405 -2500.0000000000 0.0000000000 3000.0000000000 0.0036043744 -0.0000663392 FLYING
2.2600000000 -171.0558199583 -5.0759188043 982.2477297567 -2500.0000000000 0.0000000000 3000.0000000000 0.0036184557 -0.0000659873 FLYING
2.2700000000 -174.3916206089 -5.1062245031 990.7945013783 -2500.0000000000 0.0000000000 3000.0000000000 0.0036324173 -0.0000656384 FLYING
2.2800000000 -177.7730089405 -5.1363395256 999.3660076912 -2500.0000000000 0.0000000000 3000.0000000000 0.0036462569 -0.0000652922 FLYING
2.2900000000 -181.2003029565 -5.1662591533 1007.9619211235 -2500.0000000000 0.0000000000 3000.0000000000 0.0036599724 -0.0000649489 FLYING
2.3000000000 -184.6738187625 -5.1959786624 1016.5819111662 -2500.0000000000 0.0000000000 3000.0000000000 0.0036735613 -0.0000646083 FLYING
2.3100000000 -188.1938704983 -5.2254933238 1025.2256443942 -2500.0000000000 0.0000000000 3000.0000000000 0.0036870214 -0.0000642705 FLYING
2.3200000000 -191.7607702705 -5.2547984038 1033.8927844894 -2500.0000000000 0.0000000000 3000.0000000000 0.0037003505 -0.0000639352 FLYING
2.3300000000 -195.3748280837 -5.2838891652 1042.5829922648 -2500.0000000000 0.0000000000 3000.0000000000 0.0037135462 -0.0000636025 FLYING
2.3400000000 -199.0363517727 -5.3127608676 1051.2959256897 -2500.0000000000 0.0000000000 3000.0000000000 0.0037266062 -0.0000632724 FLYING
2.3500000000 -202.7456469335 -5.3414087684 1060.0312399161 -2500.0000000000 0.0000000000 3000.0000000000 0.0037395281 -0.0000629448 FLYING
2.3600000000 -206.5030168549 -5.3698281233 1068.7885873068 -2500.0000000000 0.0000000000 3000.0000000000 0.0037523095 -0.0000626195 FLYING
2.3700000000 -210.3087624778 -5.3980141873 1077.5676175346 -2500.0000000000 0.0000000000 3000.0000000000 0.0037649399 -0.0000622965 FLYING
2.3800000000 -214.1631833733 -5.4259622247 1086.3679801899 -2500.0000000000 0.0000000000 3000.0000000000 0.0037774265 -0.0000619759 FLYING
2.3900000000 -218.0665766587 -5.4536674998 1095.1893221928 -2500.0000000000 0.0000000000 3000.0000000000 0.0037897666 -0.0000616575 FLYING
2.4000000000 -222.0192369288 -5.4811252781 1104.0312878266 -2500.0000000000 0.0000000000 3000.0000000000 0.0038019579 -0.0000613414 FLYING
2.4100000000 -226.0214561879 -5.5083308270 1112.8935187714 -2500.0000000000 0.0000000000 3000.0000000000 0.0038139981 -0.0000610275 FLYING
2.4200000000 -230.0735237815 -5.5352794167 1121.7756541388 -2500.0000000000 0.0000000000 3000.0000000000 0.0038258847 -0.0000607158 FLYING
2.4300000000 -234.1757263293 -5.5619663204 1130.6773305085 -2500.0000000000 0.0000000000 3000.0000000000 0.0038586837 -0.0000607378 FLYING
2.4400000000 -238.3058691686 -5.5882405810 1139.5494040458 -2500.0000000000 0.0000000000 3000.0000000000 0.0038487068 -0.0000600806 FLYING
2.4500000000 -242.4637007396 -5.6141039171 1148.3918419729 -2500.0000000000 0.0000000000 3000.0000000000 0.0038395950 -0.0000594504 FLYING
2.4600000000 -246.6489777812 -5.6395579617 1157.2046093165 -2500.0000000000 0.0000000000 3000.0000000000 0.0038303883 -0.0000588311 FLYING
2.4700000000 -250.8614568903 -5.6646043620 1165.9876730399 -2500.0000000000 0.0000000000 3000.0000000000 0.0038211085 -0.0000582225 FLYING
2.4800000000 -255.1008947292 -5.6892447773 1174.7410019450 -2500.0000000000 0.0000000000 3000.0000000000 0.0038117559 -0.0000576244 FLYING
2.4900000000 -259.3670480421 -5.7134808784 1183.4645666669 -2500.0000000000 0.0000000000 3000.0000000000 0.0038023312 -0.0000570366 FLYING
2.5000000000 -263.6596736769 -5.7373143477 1192.1583396669 -2500.0000000000 0.0000000000 3000.0000000000 0.0037928352 -0.0000564587 FLYING
2.5100000000 -267.9785286055 -5.7607468787 1200.8222952254 -2500.0000000000 0.0000000000 3000.0000000000 0.0037832685 -0.0000558905 FLYING
2.5200000000 -272.3233699443 -5.7837801763 1209.4564094340 -2500.0000000000 0.0000000000 3000.0000000000 0.0037736320 -0.0000553318 FLYING
2.5300000000 -276.6939549754 -5.8064159558 1218.0606601878 -2500.0000000000 0.0000000000 3000.0000000000 0.0037639264 -0.0000547822 FLYING
2.5400000000 -281.0900411661 -5.8286559434 1226.6350271769 -2500.0000000000 0.0000000000 3000.0000000000 0.0037541525 -0.0000542415 FLYING
2.5500000000 -285.5113861895 -5.8505018757 1235.1794918780 -2500.0000000000 0.0000000000 3000.0000000000 0.0037443109 -0.0000537096 FLYING
2.5600000000 -289.9577479447 -5.8719554994 1243.6940375459 -2500.0000000000 0.0000000000 3000.0000000000 0.0037344026 -0.0000531861 FLYING
2.5700000000 -294.4288845762 -5.8930185712 1252.1786492043 -2500.0000000000 0.0000000000 3000.0000000000 0.0037244282 -0.0000526709 FLYING
2.5800000000 -298.9245544937 -5.9136928577 1260.6333136365 -2500.0000000000 0.0000000000 3000.0000000000 0.0037143886 -0.0000521637 FLYING
2.5900000000 -303.4445163917 -5.9339801348 1269.0580193762 -2500.0000000000 0.0000000000 3000.0000000000 0.0037042844 -0.0000516644 FLYING
2.6000000000 -307.9885292688 -5.9538821879 1277.4527566974 -2500.0000000000 0.0000000000 3000.0000000000 0.0036941166 -0.0000511728 FLYING
2.6100000000 -312.5563524466 -5.9734008116 1285.8175176046 -2500.0000000000 0.0000000000 3000.0000000000 0.0036838859 -0.0000506886 FLYING
2.6200000000 -317.1477455888 -5.9925378091 1294.1522958228 -2500.0000000000 0.0000000000 3000.0000000000 0.0036735903 -0.0000502117 FLYING
2.6300000000 -321.7624690977 -6.0112949944 1302.4570875204 -2500.0000000000 0.0000000000 3000.0000000000 0.0036632334 -0.0000497419 FLYING
2.6400000000 -326.4002838341 -6.0296741901 1310.7318906899 -2500.0000000000 0.0000000000 3000.0000000000 0.0036528163 -0.0000492791 FLYING
2.6500000000 -331.0609510669 -6.0476772270 1318.9767050003 -2500.0000000000 0.0000000000 3000.0000000000 0.0036423399 -0.0000488231 FLYING
2.6600000000 -335.7442324906 -6.0653059436 1327.1915317867 -2500.0000000000 0.0000000000 3000.0000000000 0.0036318050 -0.0000483736 FLYING
2.6700000000 -340.4498902434 -6.0825621862 1335.3763740384 -2500.0000000000 0.0000000000 3000.0000000000 0.0036212125 -0.0000479307 FLYING
2.6800000000 -345.1776869241 -6.0994478085 1343.5312363880 -2500.0000000000 0.0000000000 3000.0000000000 0.0036105630 -0.0000474941 FLYING
2.6900000000 -349.9273856098 -6.1159646714 1351.6561250989 -2500.0000000000 0.0000000000 3000.0000000000 0.0035998575 -0.0000470636 FLYING
2.7000000000 -354.6987498726 -6.1321146429 1359.7510480541 -2500.0000000000 0.0000000000 3000.0000000000 0.0035892014 -0.0000466406 FLYING
2.7100000000 -359.4915606733 -6.1478996401 1367.8160412209 -2500.0000000000 0.0000000000 3000.0000000000 0.0035784993 -0.0000462236 FLYING
2.7200000000 -364.3055997867 -6.1633215825 1375.8511418382 -2500.0000000000 0.0000000000 3000.0000000000 0.0035677540 -0.0000458125 FLYING
2.7300000000 -369.1406498295 -6.1783823913 1383.8563883934 -2500.0000000000 0.0000000000 3000.0000000000 0.0035569663 -0.0000454071 FLYING
2.7400000000 -373.9964942697 -6.1930839893 1391.8318206102 -2500.0000000000 0.0000000000 3000.0000000000 0.0035461369 -0.0000450074 FLYING
2.7500000000 -378.8729174365 -6.2074283010 1399.7774794367 -2500.0000000000 0.0000000000 3000.0000000000 0.0035352663 -0.0000446131 FLYING
2.7600000000 -383.7697045291 -6.2214172523 1407.6934070330 -2500.0000000000 0.0000000000 3000.0000000000 0.0035243553 -0.0000442242 FLYING
2.7700000000 -388.6866416264 -6.2350527701 1415.5796467587 -2500.0000000000 0.0000000000 3000.0000000000 0.0035134046 -0.0000438406 FLYING
2.7800000000 -393.6235156957 -6.2483367824 1423.4362431609 -2500.0000000000 0.0000000000 3000.0000000000 0.0035024149 -0.0000434621 FLYING
2.7900000000 -398.5801146014 -6.2612712184 1431.2632419609 -2500.0000000000 0.0000000000 3000.0000000000 0.0034913868 -0.0000430887 FLYING
2.8000000000 -403.5562271141 -6.2738580077 1439.0606900425 -2500.0000000000 0.0000000000 3000.0000000000 0.0034803211 -0.0000427202 FLYING
2.8100000000 -408.5516429182 -6.2860990807 1446.8286354388 -2500.0000000000 0.0000000000 3000.0000000000 0.0034692183 -0.0000423565 FLYING
2.8200000000 -413.5661526209 -6.2979963681 1454.5671273196 -2500.0000000000 0.0000000000 3000.0000000000 0.0034580792 -0.0000419975 FLYING
2.8300000000 -418.5995477598 -6.3095518011 1462.2762159789 -2500.0000000000 0.0000000000 3000.0000000000 0.0034469045 -0.0000416431 FLYING
2.8400000000 -423.6516208108 -6.3207673110 1469.9559528218 -2500.0000000000 0.0000000000 3000.0000000000 0.0034356949 -0.0000412933 FLYING
2.8500000000 -428.7221651957 -6.3316448290 1477.6063903516 -2500.0000000000 0.0000000000 3000.0000000000 0.0034244509 -0.0000409479 FLYING
2.8600000000 -433.8109752896 -6.3421862863 1485.2275821573 -2500.0000000000 0.0000000000 3000.0000000000 0.0034131734 -0.0000406069 FLYING
2.8700000000 -438.9178464284 -6.3523936138 1492.8195829003 -2500.0000000000 0.0000000000 3000.0000000000 0.0034018629 -0.0000402701 FLYING
2.8800000000 -444.0425749155 -6.3622687419 1500.3824483016 -2500.0000000000 0.0000000000 3000.0000000000 0.0033905201 -0.0000399375 FLYING
2.8900000000 -449.1849580289 -6.3718136006 1507.9162351287 -2500.0000000000 0.0000000000 3000.0000000000 0.0033791458 -0.0000396089 FLYING
2.9000000000 -454.3447940275 -6.3810301191 1515.4210011827 -2500.0000000000 0.0000000000 3000.0000000000 0.0033677406 -0.0000392844 FLYING
2.9100000000 -459.5218821582 -6.3899202257 1522.8968052848 -2500.0000000000 0.0000000000 3000.0000000000 0.0033563051 -0.0000389638 FLYING
2.9200000000 -464.7160226615 -6.3984858480 1530.3437072640 -2500.0000000000 0.0000000000 3000.0000000000 0.0033448400 -0.0000386471 FLYING
2.9300000000 -469.9270167781 -6.4067289122 1537.7617679433 -2500.0000000000 0.0000000000 3000.0000000000 0.0033333460 -0.0000383341 FLYING
2.9400000000 -475.1546667545 -6.4146513433 1545.1510491267 -2500.0000000000 0.0000000000 3000.0000000000 0.0033218237 -0.0000380249 FLYING
2.9500000000 -480.3987758486 -6.4222550652 1552.5116135862 -2500.0000000000 0.0000000000 3000.0000000000 0.0033102738 -0.0000377192 FLYING
2.9600000000 -485.6591483356 -6.4295420000 1559.8435250488 -2500.0000000000 0.0000000000 3000.0000000000 0.0032986970 -0.0000374172 FLYING
2.9700000000 -490.9355895130 -6.4365140683 1567.1468481830 -2500.0000000000 0.0000000000 3000.0000000000 0.0032870939 -0.0000371186 FLYING
2.9800000000 -496.2279057059 -6.4431731889 1574.4216485857 -2500.0000000000 0.0000000000 3000.0000000000 0.0032754651 -0.0000368235 FLYING
2.9900000000 -501.5359042717 -6.4495212787 1581.6679927692 -2500.0000000000 0.0000000000 3000.0000000000 0.0032638114 -0.0000365317 FLYING
3.0000000000 -506.8593936052 -6.4555602528 1588.8859481478 -2500.0000000000 0.0000000000 3000.0000000000 0.0032521333 -0.0000362432 FLYING
3.0100000000 -512.1981831430 -6.4612920237 1596.0755830251 -2500.0000000000 0.0000000000 3000.0000000000 0.0032404315 -0.0000359580 FLYING
3.0200000000 -517.5520833677 -6.4667185022 1603.2369665800 -2500.0000000000 0.0000000000 3000.0000000000 0.0032287066 -0.0000356760 FLYING
3.0300000000 -522.9209058125 -6.4718415963 1610.3701688546 -2500.0000000000 0.0000000000 3000.0000000000 0.0032169593 -0.0000353971 FLYING
3.0400000000 -528.3044630649 -6.4766632117 1617.4752607402 -2500.0000000000 0.0000000000 3000.0000000000 0.0032051902 -0.0000351212 FLYING
3.0500000000 -533.7025687706 -6.4811852514 1624.5523139646 -2500.0000000000 0.0000000000 3000.0000000000 0.0031933999 -0.0000348484 FLYING
3.0600000000 -539.1150376374 -6.4854096158 1631.6014010789 -2500.0000000000 0.0000000000 3000.0000000000 0.0031815891 -0.0000345786 FLYING
3.0700000000 -544.5416854381 -6.4893382024 1638.6225954446 -2500.0000000000 0.0000000000 3000.0000000000 0.0031697583 -0.0000343116 FLYING
3.0800000000 -549.9823290146 -6.4929729055 1645.6159712202 -2500.0000000000 0.0000000000 3000.0000000000 0.0031579083 -0.0000340475 FLYING
3.0900000000 -555.4367862803 -6.4963156168 1652.5816033484 -2500.0000000000 0.0000000000 3000.0000000000 0.0031460396 -0.0000337863 FLYING
3.1000000000 -560.9048762236 -6.4993682244 1659.5195675432 -2500.0000000000 0.0000000000 3000.0000000000 0.0031341528 -0.0000335277 FLYING
3.1100000000 -566.3864189102 -6.5021326133 1666.4299402766 -2500.0000000000 0.0000000000 3000.0000000000 0.0031222486 -0.0000332719 FLYING
3.1200000000 -571.8812354861 -6.5046106651 1673.3127987661 -2500.0000000000 0.0000000000 3000.0000000000 0.0031103274 -0.0000330188 FLYING
3.1300000000 -577.3891481797 -6.5068042579 1680.1682209614 -2500.0000000000 0.0000000000 3000.0000000000 0.0030983901 -0.0000327683 FLYING
3.1400000000 -582.9099803044 -6.5087152662 1686.9962855318 -2500.0000000000 0.0000000000 3000.0000000000 0.0030864371 -0.0000325204 FLYING
3.1500000000 -588.4435562604 -6.5103455607 1693.7970718533 -2500.0000000000 0.0000000000 3000.0000000000 0.0030744690 -0.0000322750 FLYING
3.1600000000 -593.9897015368 -6.5116970084 1700.5706599959 -2500.0000000000 0.0000000000 3000.0000000000 0.0030624864 -0.0000320321 FLYING
3.1700000000 -599.5482427134 -6.5127714724 1707.3171307108 -2500.0000000000 0.0000000000 3000.0000000000 0.0030504899 -0.0000317916 FLYING
3.1800000000 -605.1190074620 -6.5135708117 1714.0365654177 -2500.0000000000 0.0000000000 3000.0000000000 0.0030384801 -0.0000315536 FLYING
3.1900000000 -610.7018245484 -6.5140968813 1720.7290461921 -2500.0000000000 0.0000000000 3000.0000000000 0.0030264576 -0.0000313179 FLYING
3.2000000000 -616.2965238331 -6.5143515320 1727.3946557532 -2500.0000000000 0.0000000000 3000.0000000000 0.0030144229 -0.0000310846 FLYING
3.2100000000 -621.9029362727 -6.5143366102 1734.0334774508 -2500.0000000000 0.0000000000 3000.0000000000 0.0030023766 -0.0000308536 FLYING
3.2200000000 -627.5208939208 -6.5140539580 1740.6455952530 -2500.0000000000 0.0000000000 3000.0000000000 0.0029903193 -0.0000306248 FLYING
3.2300000000 -633.1502299291 -6.5135054132 1747.2310937341 -2500.0000000000 0.0000000000 3000.0000000000 0.0029782515 -0.0000303982 FLYING
3.2400000000 -638.7907785476 -6.5126928089 1753.7900580618 -2500.0000000000 0.0000000000 3000.0000000000 0.0029661737 -0.0000301739 FLYING
3.2500000000 -644.4423751254 -6.5116179734 1760.3225739854 -2500.0000000000 0.0000000000 3000.0000000000 0.0029540866 -0.0000299517 FLYING
3.2600000000 -650.1048561110 -6.5102827305 1766.8287278230 -2500.0000000000 0.0000000000 3000.0000000000 0.0029419907 -0.0000297316 FLYING
3.2700000000 -655.7780590525 -6.5086888991 1773.3086064502 -2500.0000000000 0.0000000000 3000.0000000000 0.0029298864 -0.0000295136 FLYING
3.2800000000 -661.4618225977 -6.5068382933 1779.7622972869 -2500.0000000000 0.0000000000 3000.0000000000 0.0029177744 -0.0000292976 FLYING
3.2900000000 -667.1559864940 -6.5047327222 1786.1898882864 -2500.0000000000 0.0000000000 3000.0000000000 0.0029056552 -0.0000290837 FLYING
3.3000000000 -672.8603915883 -6.5023739898 1792.5914679226 -2500.0000000000 0.0000000000 3000.0000000000 0.0028935293 -0.0000288717 FLYING
3.3100000000 -678.5748798265 -6.4997638950 1798.9671251788 -2500.0000000000 0.0000000000 3000.0000000000 0.0028813971 -0.0000286618 FLYING
3.3200000000 -684.2992942530 -6.4969042316 1805.3169495354 -2500.0000000000 0.0000000000 3000.0000000000 0.0028692594 -0.0000284537 FLYING
3.3300000000 -690.0334790102 -6.4937967879 1811.6410309584 -2500.0000000000 0.0000000000 3000.0000000000 0.0028571164 -0.0000282476 FLYING
3.3400000000 -695.7772793377 -6.4904433470 1817.9394598878 -2500.0000000000 0.0000000000 3000.0000000000 0.0028449689 -0.0000280433 FLYING
3.3500000000 -701.5305415715 -6.4868456867 1824.2123272258 -2500.0000000000 0.0000000000 3000.0000000000 0.0028328171 -0.0000278409 FLYING
3.3600000000 -707.2931131427 -6.4830055792 1830.4597243258 -2500.0000000000 0.0000000000 3000.0000000000 0.0028206617 -0.0000276403 FLYING
3.3700000000 -713.0648425766 -6.4789247911 1836.6817429803 -2500.0000000000 0.0000000000 3000.0000000000 0.0028085032 -0.0000274415 FLYING
3.3800000000 -718.8455794916 -6.4746050834 1842.8784754103 -2500.0000000000 0.0000000000 3000.0000000000 0.0027963420 -0.0000272445 FLYING
3.3900000000 -724.6351745972 -6.4700482116 1849.0500142536 -2500.0000000000 0.0000000000 3000.0000000000 0.0027841786 -0.0000270492 FLYING
3.4000000000 -730.4334796932 -6.4652559252 1855.1964525537 -2500.0000000000 0.0000000000 3000.0000000000 0.0027720134 -0.0000268556 FLYING
3.4100000000 -736.2403476676 -6.4602299680 1861.3178837489 -2500.0000000000 0.0000000000 3000.0000000000 0.0027598470 -0.0000266637 FLYING
3.4200000000 -742.0556324949 -6.4549720781 1867.4144016611 -2500.0000000000 0.0000000000 3000.0000000000 0.0027476799 -0.0000264735 FLYING
3.4300000000 -747.8791892346 -6.4494839874 1873.4861004853 -2500.0000000000 0.0000000000 3000.0000000000 0.0027355124 -0.0000262849 FLYING
3.4400000000 -753.7108740286 -6.4437674219 1879.5330747783 -2500.0000000000 0.0000000000 3000.0000000000 0.0027233451 -0.0000260979 FLYING
3.4500000000 -759.5505440997 -6.4378241017 1885.5554194482 -2500.0000000000 0.0000000000 3000.0000000000 0.0027111783 -0.0000259125 FLYING
3.4600000000 -765.3980577492 -6.4316557407 1891.5532297440 -2500.0000000000 0.0000000000 3000.0000000000 0.0026990126 -0.0000257288 FLYING
3.4700000000 -771.2532743542 -6.4252640467 1897.5266012446 -2500.0000000000 0.0000000000 3000.0000000000 0.0026868483 -0.0000255465 FLYING
3.4800000000 -777.1160543659 -6.4186507213 1903.4756298487 -2500.0000000000 0.0000000000 3000.0000000000 0.0026746859 -0.0000253658 FLYING
3.4900000000 -782.9862593066 -6.4118174599 1909.4004117645 -2500.0000000000 0.0000000000 3000.0000000000 0.0026625259 -0.0000251866 FLYING
3.5000000000 -788.8637517672 -6.4047659513 1915.3010434992 -2500.0000000000 0.0000000000 3000.0000000000 0.0026503686 -0.0000250089 FLYING
3.5100000000 -794.7483954045 -6.3974978785 1921.1776218490 -2500.0000000000 0.0000000000 3000.0000000000 0.0026382146 -0.0000248327 FLYING
3.5200000000 -800.6400549383 -6.3900149177 1927.0302438888 -2500.0000000000 0.0000000000 3000.0000000000 0.0026260641 -0.0000246579 FLYING
3.5300000000 -806.5385961489 -6.3823187389 1932.8590069627 -2500.0000000000 0.0000000000 3000.0000000000 0.0026139176 -0.0000244845 FLYING
3.5400000000 -812.4438858733 -6.3744110053 1938.6640086737 -2500.0000000000 0.0000000000 3000.0000000000 0.0026017755 -0.0000243126 FLYING
3.5500000000 -818.3557920028 -6.3662933741 1944.4453468740 -2500.0000000000 0.0000000000 3000.0000000000 0.0025896382 -0.0000241420 FLYING
3.5600000000 -824.2741834799 -6.3579674955 1950.2031196555 -2500.0000000000 0.0000000000 3000.0000000000 0.0025775061 -0.0000239729 FLYING
3.5700000000 -830.1989302941 -6.3494350134 1955.9374253400 -2500.0000000000 0.0000000000 3000.0000000000 0.0025653796 -0.0000238050 FLYING
3.5800000000 -836.1299034798 -6.3406975648 1961.6483624699 -2500.0000000000 0.0000000000 3000.0000000000 0.0025532591 -0.0000236386 FLYING
3.5900000000 -842.0669751119 -6.3317567803 1967.3360297986 -2500.0000000000 0.0000000000 3000.0000000000 0.0025411449 -0.0000234734 FLYING
3.6000000000 -848.0100183026 -6.3226142836 1973.0005262816 -2500.0000000000 0.0000000000 3000.0000000000 0.0025290375 -0.0000233095 FLYING
3.6100000000 -853.9589071980 -6.3132716918 1978.6419510667 -2500.0000000000 0.0000000000 3000.0000000000 0.0025169371 -0.0000231470 FLYING
3.6200000000 -859.9135169742 -6.3037306152 1984.2604034855 -2500.0000000000 0.0000000000 3000.0000000000 0.0025048442 -0.0000229857 FLYING
3.6300000000 -865.8737238335 -6.2939926573 1989.8559830440 -2500.0000000000 0.0000000000 3000.0000000000 0.0024927591 -0.0000228256 FLYING
3.6400000000 -871.8394050008 -6.2840594146 1995.4287894140 -2500.0000000000 0.0000000000 3000.0000000000 0.0024806768 -0.0000226667 FLYING
3.6500000000 -877.8104388653 -6.2739324772 2000.9789226185 -2500.0000000000 0.0000000000 3000.0000000000 0.0024685915 -0.0000225090 FLYING
3.6600000000 -883.7867051657 -6.2636134287 2006.5064832640 -2500.0000000000 0.0000000000 3000.0000000000 0.0024565161 -0.0000223524 FLYING
3.6700000000 -889.7680846553 -6.2531038455 2012.0115720811 -2500.0000000000 0.0000000000 3000.0000000000 0.0024444504 -0.0000221971 FLYING
3.6800000000 -895.7544590963 -6.2424052970 2017.4942899182 -2500.0000000000 0.0000000000 3000.0000000000 0.0024323949 -0.0000220429 FLYING
3.6900000000 -901.7457112553 -6.2315193455 2022.9547377330 -2500.0000000000 0.0000000000 3000.0000000000 0.0024203499 -0.0000218899 FLYING
3.7000000000 -907.7417248989 -6.2204475462 2028.3930165846 -2500.0000000000 0.0000000000 3000.0000000000 0.0024083157 -0.0000217381 FLYING
3.7100000000 -913.7423847895 -6.2091914474 2033.8092276257 -2500.0000000000 0.0000000000 3000.0000000000 0.0023962926 -0.0000215874 FLYING
3.7200000000 -919.7475766801 -6.1977525900 2039.2034720940 -2500.0000000000 0.0000000000 3000.0000000000 0.0023842809 -0.0000214378 FLYING
3.7300000000 -925.7571873107 -6.1861325078 2044.5758513050 -2500.0000000000 0.0000000000 3000.0000000000 0.0023722808 -0.0000212894 FLYING
3.7400000000 -931.7711044029 -6.1743327276 2049.9264666441 -2500.0000000000 0.0000000000 3000.0000000000 0.0023602928 -0.0000211420 FLYING
3.7500000000 -937.7892166555 -6.1623547689 2055.2554195587 -2500.0000000000 0.0000000000 3000.0000000000 0.0023483171 -0.0000209957 FLYING
3.7600000000 -943.8114137398 -6.1502001439 2060.5628115511 -2500.0000000000 0.0000000000 3000.0000000000 0.0023363539 -0.0000208505 FLYING
3.7700000000 -949.8375862948 -6.1378703579 2065.8487441708 -2500.0000000000 0.0000000000 3000.0000000000 0.0023244035 -0.0000207064 FLYING
3.7800000000 -955.8676259223 -6.1253669087 2071.1133190072 -2500.0000000000 0.0000000000 3000.0000000000 0.0023124663 -0.0000205633 FLYING
3.7900000000 -961.9014251822 -6.1126912871 2076.3566376824 -2500.0000000000 0.0000000000 3000.0000000000 0.0023005424 -0.0000204212 FLYING
3.8000000000 -967.9388775874 -6.0998449763 2081.5788018441 -2500.0000000000 0.0000000000 3000.0000000000 0.0022886322 -0.0000202802 FLYING
3.8100000000 -973.9798775989 -6.0868294528 2086.7799131586 -2500.0000000000 0.0000000000 3000.0000000000 0.0022767359 -0.0000201402 FLYING
3.8200000000 -980.0243206211 -6.0736461853 2091.9600733037 -2500.0000000000 0.0000000000 3000.0000000000 0.0022648537 -0.0000200012 FLYING
3.8300000000 -986.0721029962 -6.0602966356 2097.1193839620 -2500.0000000000 0.0000000000 3000.0000000000 0.0022529860 -0.0000198631 FLYING
3.8400000000 -992.1231219998 -6.0467822581 2102.2579468141 -2500.0000000000 0.0000000000 3000.0000000000 0.0022411329 -0.0000197261 FLYING
3.8500000000 -998.1772758351 -6.0331045000 2107.3758635321 -2500.0000000000 0.0000000000 3000.0000000000 0.0022292947 -0.0000195900 FLYING
3.8600000000 -1004.2344636284 -6.0192648012 2112.4732357726 -2500.0000000000 0.0000000000 3000.0000000000 0.0022174716 -0.0000194548 FLYING
3.8700000000 -1010.2945854236 -6.0052645942 2117.5501651708 -2500.0000000000 0.0000000000 3000.0000000000 0.0022056639 -0.0000193206 FLYING
3.8800000000 -1016.3575421770 -5.9911053043 2122.6067533340 -2500.0000000000 0.0000000000 3000.0000000000 0.0021938717 -0.0000191873 FLYING
3.8900000000 -1022.4232357521 -5.9767883497 2127.6431018350 -2500.0000000000 0.0000000000 3000.0000000000 0.0021820954 -0.0000190550 FLYING
3.9000000000 -1028.4915689145 -5.9623151410 2132.6593122064 -2500.0000000000 0.0000000000 3000.0000000000 0.0021703351 -0.0000189236 FLYING
3.9100000000 -1034.5624453265 -5.9476870817 2137.6554859340 -2500.0000000000 0.0000000000 3000.0000000000 0.0021585911 -0.0000187930 FLYING
3.9200000000 -1040.6357695417 -5.9329055680 2142.6317244515 -2500.0000000000 0.0000000000 3000.0000000000 0.0021468635 -0.0000186634 FLYING
3.9300000000 -1046.7114469997 -5.9179719889 2147.5881291338 -2500.0000000000 0.0000000000 3000.0000000000 0.0021351525 -0.0000185346 FLYING
3.9400000000 -1052.7893840211 -5.9028877259 2152.5248012921 -2500.0000000000 0.0000000000 3000.0000000000 0.0021234584 -0.0000184067 FLYING
3.9500000000 -1058.8694878014 -5.8876541535 2157.4418421673 -2500.0000000000 0.0000000000 3000.0000000000 0.0021117813 -0.0000182797 FLYING
3.9600000000 -1064.9516664063 -5.8722726386 2162.3393529250 -2500.0000000000 0.0000000000 3000.0000000000 0.0021001215 -0.0000181535 FLYING
3.9700000000 -1071.0358287661 -5.8567445412 2167.2174346499 -2500.0000000000 0.0000000000 3000.0000000000 0.0020884791 -0.0000180281 FLYING
3.9800000000 -1077.1218846698 -5.8410712138 2172.0761883401 -2500.0000000000 0.0000000000 3000.0000000000 0.0020768543 -0.0000179036 FLYING
3.9900000000 -1083.2097447604 -5.8252540017 2176.9157149019 -2500.0000000000 0.0000000000 3000.0000000000 0.0020652473 -0.0000177799 FLYING
4.0000000000 -1089.2993205288 -5.8092942430 2181.7361151447 -2500.0000000000 0.0000000000 3000.0000000000 0.0020536583 -0.0000176571 FLYING
4.0100000000 -1095.3905243088 -5.7931932685 2186.5374897755 -2500.0000000000 0.0000000000 3000.0000000000 0.0020420874 -0.0000175350 FLYING
4.0200000000 -1101.4832692712 -5.7769524018 2191.3199393944 -2500.0000000000 0.0000000000 3000.0000000000 0.0020305348 -0.0000174137 FLYING
4.0300000000 -1107.5774694184 -5.7605729592 2196.0835644888 -2500.0000000000 0.0000000000 3000.0000000000 0.0020190007 -0.0000172932 FLYING
4.0400000000 -1113.6730395793 -5.7440562500 2200.8284654292 -2500.0000000000 0.0000000000 3000.0000000000 0.0020074852 -0.0000171735 FLYING
4.0500000000 -1119.7698954030 -5.7274035761 2205.5547424640 -2500.0000000000 0.0000000000 3000.0000000000 0.0019959884 -0.0000170546 FLYING
4.0600000000 -1125.8679533540 -5.7106162323 2210.2624957151 -2500.0000000000 0.0000000000 3000.0000000000 0.0019845106 -0.0000169364 FLYING
4.0700000000 -1131.9671307062 -5.6936955061 2214.9518251727 -2500.0000000000 0.0000000000 3000.0000000000 0.0019730519 -0.0000168190 FLYING
4.0800000000 -1138.0673455375 -5.6766426781 2219.6228306914 -2500.0000000000 0.0000000000 3000.0000000000 0.0019616124 -0.0000167023 FLYING
4.0900000000 -1144.1685167243 -5.6594590214 2224.2756119852 -2500.0000000000 0.0000000000 3000.0000000000 0.0019501922 -0.0000165864 FLYING
4.1000000000 -1150.2705639359 -5.6421458022 2228.9102686235 -2500.0000000000 0.0000000000 3000.0000000000 0.0019387915 -0.0000164712 FLYING
4.1100000000 -1156.3734076287 -5.6247042795 2233.5269000265 -2500.0000000000 0.0000000000 3000.0000000000 0.0019274104 -0.0000163568 FLYING
4.1200000000 -1162.4769690409 -5.6071357052 2238.1256054609 -2500.0000000000 0.0000000000 3000.0000000000 0.0019160491 -0.0000162430 FLYING
4.1300000000 -1168.5811701871 -5.5894413241 2242.7064840363 -2500.0000000000 0.0000000000 3000.0000000000 0.0019047077 -0.0000161300 FLYING
4.1400000000 -1174.6859338523 -5.5716223739 2247.2696347003 -2500.0000000000 0.0000000000 3000.0000000000 0.0018933862 -0.0000160176 FLYING
4.1500000000 -1180.7911835865 -5.5536800853 2251.8151562354 -2500.0000000000 0.0000000000 3000.0000000000 0.0018820849 -0.0000159060 FLYING
4.1600000000 -1186.8968436991 -5.5356156818 2256.3431472543 -2500.0000000000 0.0000000000 3000.0000000000 0.0018708038 -0.0000157950 FLYING
4.1700000000 -1193.0028392536 -5.5174303801 2260.8537061966 -2500.0000000000 0.0000000000 3000.0000000000 0.0018595430 -0.0000156847 FLYING
4.1800000000 -1199.1090960616 -5.4991253897 2265.3469313248 -2500.0000000000 0.0000000000 3000.0000000000 0.0018483026 -0.0000155751 FLYING
4.1900000000 -1205.2155406775 -5.4807019132 2269.8229207206 -2500.0000000000 0.0000000000 3000.0000000000 0.0018370828 -0.0000154662 FLYING
4.2000000000 -1211.3221003929 -5.4621611461 2274.2817722816 -2500.0000000000 0.0000000000 3000.0000000000 0.0018258836 -0.0000153579 FLYING
4.2100000000 -1217.4287032310 -5.4435042771 2278.7235837171 -2500.0000000000 0.0000000000 3000.0000000000 0.0018147051 -0.0000152503 FLYING
4.2200000000 -1223.5352779412 -5.4247324879 2283.1484525457 -2500.0000000000 0.0000000000 3000.0000000000 0.0018035475 -0.0000151433 FLYING
4.2300000000 -1229.6417539932 -5.4058469533 2287.5564760906 -2500.0000000000 0.0000000000 3000.0000000000 0.0017924107 -0.0000150370 FLYING
4.2400000000 -1235.7480615718 -5.3868488410 2291.9477514777 -2500.0000000000 0.0000000000 3000.0000000000 0.0017812950 -0.0000149313 FLYING
4.2500000000 -1241.8541315714 -5.3677393122 2296.3223756310 -2500.0000000000 0.0000000000 3000.0000000000 0.0017702003 -0.0000148262 FLYING
4.2600000000 -1247.9598955902 -5.3485195210 2300.6804452706 -2500.0000000000 0.0000000000 3000.0000000000 0.0017591268 -0.0000147217 FLYING
4.2700000000 -1254.0652859248 -5.3291906146 2305.0220569089 -2500.0000000000 0.0000000000 3000.0000000000 0.0017480746 -0.0000146179 FLYING
4.2800000000 -1260.1702355649 -5.3097537335 2309.3473068476 -2500.0000000000 0.0000000000 3000.0000000000 0.0017370436 -0.0000145147 FLYING
4.2900000000 -1266.2746781873 -5.2902100116 2313.6562911752 -2500.0000000000 0.0000000000 3000.0000000000 0.0017260340 -0.0000144121 FLYING
4.3000000000 -1272.3785481512 -5.2705605756 2317.9491057637 -2500.0000000000 0.0000000000 3000.0000000000 0.0017150459 -0.0000143100 FLYING
4.3100000000 -1278.4817804920 -5.2508065458 2322.2258462659 -2500.0000000000 0.0000000000 3000.0000000000 0.0017040792 -0.0000142086 FLYING
4.3200000000 -1284.5843109162 -5.2309490357 2326.4866081128 -2500.0000000000 0.0000000000 3000.0000000000 0.0016931341 -0.0000141077 FLYING
4.3300000000 -1290.6860757958 -5.2109891520 2330.7314865104 -2500.0000000000 0.0000000000 3000.0000000000 0.0016822106 -0.0000140075 FLYING
4.3400000000 -1296.7870121631 -5.1909279948 2334.9605764380 -2500.0000000000 0.0000000000 3000.0000000000 0.0016713088 -0.0000139078 FLYING
4.3500000000 -1302.8870577052 -5.1707666576 2339.1739726446 -2500.0000000000 0.0000000000 3000.0000000000 0.0016604287 -0.0000138087 FLYING
4.3600000000 -1308.9861507582 -5.1505062273 2343.3717696472 -2500.0000000000 0.0000000000 3000.0000000000 0.0016495704 -0.0000137101 FLYING
4.3700000000 -1315.0842303025 -5.1301477839 2347.5540617280 -2500.0000000000 0.0000000000 3000.0000000000 0.0016387339 -0.0000136121 FLYING
4.3800000000 -1321.1812359570 -5.1096924012 2351.7209429321 -2500.0000000000 0.0000000000 3000.0000000000 0.0016279192 -0.0000135147 FLYING
4.3900000000 -1327.2771079737 -5.0891411464 2355.8725070652 -2500.0000000000 0.0000000000 3000.0000000000 0.0016171265 -0.0000134178 FLYING
4.4000000000 -1333.3717872325 -5.0684950798 2360.0088476914 -2500.0000000000 0.0000000000 3000.0000000000 0.0016063556 -0.0000133214 FLYING
4.4100000000 -1339.4652152360 -5.0477552558 2364.1300581310 -2500.0000000000 0.0000000000 3000.0000000000 0.0015956068 -0.0000132256 FLYING
4.4200000000 -1345.5573341040 -5.0269227217 2368.2362314583 -2500.0000000000 0.0000000000 3000.0000000000 0.0015848799 -0.0000131303 FLYING
4.4300000000 -1351.6480865682 -5.0059985190 2372.3274604998 -2500.0000000000 0.0000000000 3000.0000000000 0.0015741750 -0.0000130355 FLYING
4.4400000000 -1357.7374159671 -4.9849836821 2376.4038378316 -2500.0000000000 0.0000000000 3000.0000000000 0.0015634922 -0.0000129413 FLYING
4.4500000000 -1363.8252662406 -4.9638792397 2380.4654557783 -2500.0000000000 0.0000000000 3000.0000000000 0.0015528315 -0.0000128476 FLYING
4.4600000000 -1369.9115819249 -4.9426862135 2384.5124064104 -2500.0000000000 0.0000000000 3000.0000000000 0.0015421928 -0.0000127544 FLYING
4.4700000000 -1375.9963081470 -4.9214056194 2388.5447815429 -2500.0000000000 0.0000000000 3000.0000000000 0.0015315762 -0.0000126617 FLYING
4.4800000000 -1382.0793906201 -4.9000384666 2392.5626727331 -2500.0000000000 0.0000000000 3000.0000000000 0.0015209818 -0.0000125695 FLYING
4.4900000000 -1388.1607756376 -4.8785857583 2396.5661712794 -2500.0000000000 0.0000000000 3000.0000000000 0.0015104095 -0.0000124778 FLYING
4.5000000000 -1394.2404100688 -4.8570484912 2400.5553682192 -2500.0000000000 0.0000000000 3000.0000000000 0.0014998593 -0.0000123866 FLYING
4.5100000000 -1400.3182413532 -4.8354276560 2404.5303543275 -2500.0000000000 0.0000000000 3000.0000000000 0.0014893313 -0.0000122959 FLYING
4.5200000000 -1406.3942174955 -4.8137242371 2408.4912201152 -2500.0000000000 0.0000000000 3000.0000000000 0.0014788254 -0.0000122057 FLYING
4.5300000000 -1412.4682870607 -4.7919392126 2412.4380558280 -2500.0000000000 0.0000000000 3000.0000000000 0.0014683417 -0.0000121160 FLYING
4.5400000000 -1418.5403991688 -4.7700735548 2416.3709514441 -2500.0000000000 0.0000000000 3000.0000000000 0.0014578801 -0.0000120267 FLYING
4.5500000000 -1424.6105034901 -4.7481282296 2420.2899966737 -2500.0000000000 0.0000000000 3000.0000000000 0.0014474407 -0.0000119379 FLYING
4.5600000000 -1430.6785502396 -4.7261041969 2424.1952809572 -2500.0000000000 0.0000000000 3000.0000000000 0.0014370235 -0.0000118496 FLYING
4.5700000000 -1436.7444901726 -4.7040024106 2428.0868934637 -2500.0000000000 0.0000000000 3000.0000000000 0.0014266283 -0.0000117617 FLYING
4.5800000000 -1442.8082745795 -4.6818238185 2431.9649230903 -2500.0000000000 0.0000000000 3000.0000000000 0.0014162553 -0.0000116743 FLYING
4.5900000000 -1448.8698552807 -4.6595693625 2435.8294584603 -2500.0000000000 0.0000000000 3000.0000000000 0.0014059044 -0.0000115874 FLYING
4.6000000000 -1454.9291846219 -4.6372399784 2439.6805879224 -2500.0000000000 0.0000000000 3000.0000000000 0.0013955756 -0.0000115009 FLYING
4.6100000000 -1460.9862154690 -4.6148365963 2443.5183995496 -2500.0000000000 0.0000000000 3000.0000000000 0.0013852689 -0.0000114148 FLYING
4.6200000000 -1467.0409012033 -4.5923601402 2447.3429811379 -2500.0000000000 0.0000000000 3000.0000000000 0.0013749843 -0.0000113292 FLYING
4.6300000000 -1473.0931957169 -4.5698115283 2451.1544202054 -2500.0000000000 0.0000000000 3000.0000000000 0.0013647217 -0.0000112441 FLYING
4.6400000000 -1479.1430534073 -4.5471916728 2454.9528039913 -2500.0000000000 0.0000000000 3000.0000000000 0.0013544811 -0.0000111594 FLYING
4.6500000000 -1485.1904291731 -4.5245014805 2458.7382194551 -2500.0000000000 0.0000000000 3000.0000000000 0.0013442625 -0.0000110751 FLYING
4.6600000000 -1491.2352784091 -4.5017418519 2462.5107532752 -2500.0000000000 0.0000000000 3000.0000000000 0.0013340659 -0.0000109912 FLYING
4.6700000000 -1497.2775570013 -4.4789136821 2466.2704918490 -2500.0000000000 0.0000000000 3000.0000000000 0.0013238912 -0.0000109078 FLYING
4.6800000000 -1503.3172213223 -4.4560178604 2470.0175212911 -2500.0000000000 0.0000000000 3000.0000000000 0.0013137384 -0.0000108248 FLYING
4.6900000000 -1509.3542282270 -4.4330552704 2473.7519274331 -2500.0000000000 0.0000000000 3000.0000000000 0.0013036075 -0.0000107422 FLYING
4.7000000000 -1515.3885350472 -4.4100267899 2477.4737958227 -2500.0000000000 0.0000000000 3000.0000000000 0.0012934984 -0.0000106600 FLYING
4.7100000000 -1521.4200995873 -4.3869332914 2481.1832117231 -2500.0000000000 0.0000000000 3000.0000000000 0.0012834112 -0.0000105782 FLYING
4.7200000000 -1527.4488801199 -4.3637756414 2484.8802601123 -2500.0000000000 0.0000000000 3000.0000000000 0.0012733456 -0.0000104968 FLYING
4.7300000000 -1533.4748353808 -4.3405547012 2488.5650256824 -2500.0000000000 0.0000000000 3000.0000000000 0.0012633018 -0.0000104159 FLYING
4.7400000000 -1539.4979245644 -4.3172713263 2492.2375928392 -2500.0000000000 0.0000000000 3000.0000000000 0.0012532797 -0.0000103353 FLYING
4.7500000000 -1545.5181073197 -4.2939263668 2495.8980457018 -2500.0000000000 0.0000000000 3000.0000000000 0.0012432792 -0.0000102551 FLYING
4.7600000000 -1551.5353437450 -4.2705206674 2499.5464681017 -2500.0000000000 0.0000000000 3000.0000000000 0.0012333002 -0.0000101753 FLYING
4.7700000000 -1557.5495943841 -4.2470550672 2503.1829435826 -2500.0000000000 0.0000000000 3000.0000000000 0.0012233428 -0.0000100959 FLYING
4.7800000000 -1563.5608202212 -4.2235303999 2506.8075554000 -2500.0000000000 0.0000000000 3000.0000000000 0.0012134069 -0.0000100169 FLYING
4.7900000000 -1569.5689826770 -4.1999474940 2510.4203865208 -2500.0000000000 0.0000000000 3000.0000000000 0.0012034923 -0.0000099383 FLYING
4.8000000000 -1575.5740436038 -4.1763071724 2514.0215196230 -2500.0000000000 0.0000000000 3000.0000000000 0.0011935992 -0.0000098601 FLYING
4.8100000000 -1581.5759652815 -4.1526102529 2517.6110370952 -2500.0000000000 0.0000000000 3000.0000000000 0.0011837273 -0.0000097822 FLYING
4.8200000000 -1587.5747104129 -4.1288575479 2521.1890210365 -2500.0000000000 0.0000000000 3000.0000000000 0.0011738767 -0.0000097047 FLYING
4.8300000000 -1593.5702421196 -4.1050498646 2524.7555532564 -2500.0000000000 0.0000000000 3000.0000000000 0.0011640473 -0.0000096276 FLYING
4.8400000000 -1599.5625239375 -4.0811880048 2528.3107152741 -2500.0000000000 0.0000000000 3000.0000000000 0.0011542390 -0.0000095508 FLYING
4.8500000000 -1605.5515198126 -4.0572727654 2531.8545883189 -2500.0000000000 0.0000000000 3000.0000000000 0.0011444518 -0.0000094744 FLYING
4.8600000000 -1611.5371940967 -4.0333049378 2535.3872533299 -2500.0000000000 0.0000000000 3000.0000000000 0.0011346855 -0.0000093984 FLYING
4.8700000000 -1617.5195115431 -4.0092853086 2538.9087909554 -2500.0000000000 0.0000000000 3000.0000000000 0.0011249402 -0.0000093227 FLYING
4.8800000000 -1623.4984373025 -3.9852146590 2542.4192815536 -2500.0000000000 0.0000000000 3000.0000000000 0.0011152157 -0.0000092474 FLYING
4.8900000000 -1629.4739369189 -3.9610937654 2545.9188051922 -2500.0000000000 0.0000000000 3000.0000000000 0.0011055120 -0.0000091724 FLYING
4.9000000000 -1635.4459763248 -3.9369233989 2549.4074416481 -2500.0000000000 0.0000000000 3000.0000000000 0.0010958290 -0.0000090978 FLYING
4.9100000000 -1641.4145218382 -3.9127043257 2552.8852704079 -2500.0000000000 0.0000000000 3000.0000000000 0.0010861667 -0.0000090235 FLYING
4.9200000000 -1647.3795401573 -3.8884373071 2556.3523706678 -2500.0000000000 0.0000000000 3000.0000000000 0.0010765249 -0.0000089496 FLYING
4.9300000000 -1653.3409983571 -3.8641230994 2559.8088213334 -2500.0000000000 0.0000000000 3000.0000000000 0.0010669036 -0.0000088760 FLYING
4.9400000000 -1659.2988638852 -3.8397624539 2563.2547010202 -2500.0000000000 0.0000000000 3000.0000000000 0.0010573026 -0.0000088027 FLYING
4.9500000000 -1665.2531045579 -3.8153561172 2566.6900880537 -2500.0000000000 0.0000000000 3000.0000000000 0.0010477220 -0.0000087298 FLYING
4.9600000000 -1671.2036885557 -3.7909048308 2570.1150604690 -2500.0000000000 0.0000000000 3000.0000000000 0.0010381616 -0.0000086572 FLYING
4.9700000000 -1677.1505844198 -3.7664093315 2573.5296960119 -2500.0000000000 0.0000000000 3000.0000000000 0.0010286213 -0.0000085849 FLYING
4.9800000000 -1683.0937610480 -3.7418703514 2576.9340721384 -2500.0000000000 0.0000000000 3000.0000000000 0.0010191011 -0.0000085130 FLYING
4.9900000000 -1689.0331876908 -3.7172886178 2580.3282660152 -2500.0000000000 0.0000000000 3000.0000000000 0.0010096009 -0.0000084414 FLYING
5.0000000000 -1694.9688339474 -3.6926648530 2583.7123545199 -2500.0000000000 0.0000000000 3000.0000000000 0.0010001205 -0.0000083701 FLYING
5.0100000000 -1700.9006697618 -3.6679997749 2587.0864142417 -2500.0000000000 0.0000000000 3000.0000000000 0.0009906599 -0.0000082991 FLYING
5.0200000000 -1706.8286654190 -3.6432940968 2590.4505214810 -2500.0000000000 0.0000000000 3000.0000000000 0.0009812190 -0.0000082284 FLYING
5.0300000000 -1712.7527915412 -3.6185485269 2593.8047522503 -2500.0000000000 0.0000000000 3000.0000000000 0.0009717977 -0.0000081581 FLYING
5.0400000000 -1718.6730190840 -3.5937637694 2597.1491822745 -2500.0000000000 0.0000000000 3000.0000000000 0.0009623918 -0.0000080880 FLYING
5.0500000000 -1724.5893192067 -3.5689405243 2600.4838869520 -2500.0000000000 0.0000000000 3000.0000000000 0.0009530044 -0.0000080182 FLYING
5.0600000000 -1730.5016633603 -3.5440794875 2603.8089413822 -2500.0000000000 0.0000000000 3000.0000000000 0.0009436365 -0.0000079487 FLYING
5.0700000000 -1736.4100233199 -3.5191813503 2607.1244203775 -2500.0000000000 0.0000000000 3000.0000000000 0.0009342881 -0.0000078795 FLYING
5.0800000000 -1742.3143711810 -3.4942467994 2610.4303984643 -2500.0000000000 0.0000000000 3000.0000000000 0.0009249590 -0.0000078107 FLYING
5.0900000000 -1748.2146793555 -3.4692765173 2613.7269498832 -2500.0000000000 0.0000000000 3000.0000000000 0.0009156490 -0.0000077421 FLYING
5.1000000000 -1754.1109205685 -3.4442711817 2617.0141485898 -2500.0000000000 0.0000000000 3000.0000000000 0.0009063581 -0.0000076738 FLYING
5.1100000000 -1760.0030678542 -3.4192314661 2620.2920682552 -2500.0000000000 0.0000000000 3000.0000000000 0.0008970862 -0.0000076058 FLYING
5.1200000000 -1765.8910945524 -3.3941580395 2623.5607822664 -2500.0000000000 0.0000000000 3000.0000000000 0.0008878331 -0.0000075381 FLYING
5.1300000000 -1771.7749743052 -3.3690515667 2626.8203637269 -2500.0000000000 0.0000000000 3000.0000000000 0.0008785988 -0.0000074707 FLYING
5.1400000000 -1777.6546810527 -3.3439127080 2630.0708854575 -2500.0000000000 0.0000000000 3000.0000000000 0.0008693830 -0.0000074036 FLYING
5.1500000000 -1783.5301890304 -3.3187421195 2633.3124199970 -2500.0000000000 0.0000000000 3000.0000000000 0.0008601858 -0.0000073368 FLYING
5.1600000000 -1789.4014727647 -3.2935404529 2636.5450396024 -2500.0000000000 0.0000000000 3000.0000000000 0.0008510069 -0.0000072702 FLYING
5.1700000000 -1795.2685070701 -3.2683083558 2639.7688162501 -2500.0000000000 0.0000000000 3000.0000000000 0.0008418462 -0.0000072040 FLYING
5.1800000000 -1801.1312670455 -3.2430464716 2642.9838216361 -2500.0000000000 0.0000000000 3000.0000000000 0.0008327037 -0.0000071380 FLYING
5.1900000000 -1806.9897280704 -3.2177554395 2646.1901271773 -2500.0000000000 0.0000000000 3000.0000000000 0.0008235792 -0.0000070723 FLYING
5.2000000000 -1812.8438658021 -3.1924358944 2649.3878040118 -2500.0000000000 0.0000000000 3000.0000000000 0.0008144725 -0.0000070068 FLYING
5.2100000000 -1818.6936561717 -3.1670884672 2652.5769229997 -2500.0000000000 0.0000000000 3000.0000000000 0.0008053836 -0.0000069417 FLYING
5.2200000000 -1824.5390753809 -3.1417137848 2655.7575547242 -2500.0000000000 0.0000000000 3000.0000000000 0.0007963123 -0.0000068768 FLYING
5.2300000000 -1830.3800998987 -3.1163124699 2658.9297694920 -2500.0000000000 0.0000000000 3000.0000000000 0.0007872584 -0.0000068122 FLYING
5.2400000000 -1836.2167064581 -3.0908851413 2662.0936373344 -2500.0000000000 0.0000000000 3000.0000000000 0.0007782218 -0.0000067478 FLYING
5.2500000000 -1842.0488720526 -3.0654324135 2665.2492280081 -2500.0000000000 0.0000000000 3000.0000000000 0.0007692025 -0.0000066837 FLYING
5.2600000000 -1847.8765739329 -3.0399548974 2668.3966109959 -2500.0000000000 0.0000000000 3000.0000000000 0.0007602002 -0.0000066199 FLYING
5.2700000000 -1853.6997896037 -3.0144531998 2671.5358555078 -2500.0000000000 0.0000000000 3000.0000000000 0.0007512148 -0.0000065563 FLYING
5.2800000000 -1859.5184968204 -2.9889279236 2674.6670304819 -2500.0000000000 0.0000000000 3000.0000000000 0.0007422461 -0.0000064930 FLYING
5.2900000000 -1865.3326735858 -2.9633796676 2677.7902045851 -2500.0000000000 0.0000000000 3000.0000000000 0.0007332941 -0.0000064299 FLYING
5.3000000000 -1871.1422981470 -2.9378090271 2680.9054462143 -2500.0000000000 0.0000000000 3000.0000000000 0.0007243585 -0.0000063671 FLYING
5.3100000000 -1876.9473489920 -2.9122165934 2684.0128234972 -2500.0000000000 0.0000000000 3000.0000000000 0.0007154392 -0.0000063045 FLYING
5.3200000000 -1882.7478048469 -2.8866029539 2687.1124042933 -2500.0000000000 0.0000000000 3000.0000000000 0.0007065361 -0.0000062422 FLYING
5.3300000000 -1888.5436446720 -2.8609686925 2690.2042561951 -2500.0000000000 0.0000000000 3000.0000000000 0.0006976490 -0.0000061801 FLYING
5.3400000000 -1894.3348476596 -2.8353143890 2693.2884465289 -2500.0000000000 0.0000000000 3000.0000000000 0.0006887777 -0.0000061183 FLYING
5.3500000000 -1900.1213932301 -2.8096406198 2696.3650423560 -2500.0000000000 0.0000000000 3000.0000000000 0.0006799221 -0.0000060567 FLYING
5.3600000000 -1905.9032610292 -2.7839479574 2699.4341104736 -2500.0000000000 0.0000000000 3000.0000000000 0.0006710820 -0.0000059954 FLYING
5.3700000000 -1911.6804309248 -2.7582369708 2702.4957174159 -2500.0000000000 0.0000000000 3000.0000000000 0.0006622572 -0.0000059343 FLYING
5.3800000000 -1917.4528830040 -2.7325082253 2705.5499294556 -2500.0000000000 0.0000000000 3000.0000000000 0.0006534476 -0.0000058734 FLYING
5.3900000000 -1923.2205975698 -2.7067622825 2708.5968126044 -2500.0000000000 0.0000000000 3000.0000000000 0.0006446531 -0.0000058128 FLYING
5.4000000000 -1928.9835551384 -2.6809997006 2711.6364326145 -2500.0000000000 0.0000000000 3000.0000000000 0.0006358733 -0.0000057524 FLYING
5.4100000000 -1934.7417364358 -2.6552210342 2714.6688549800 -2500.0000000000 0.0000000000 3000.0000000000 0.0006271082 -0.0000056922 FLYING
5.4200000000 -1940.4951223952 -2.6294268343 2717.6941449375 -2500.0000000000 0.0000000000 3000.0000000000 0.0006183575 -0.0000056323 FLYING
5.4300000000 -1946.2436941536 -2.6036176485 2720.7123674678 -2500.0000000000 0.0000000000 3000.0000000000 0.0006096212 -0.0000055725 FLYING
5.4400000000 -1951.9874330491 -2.5777940209 2723.7235872969 -2500.0000000000 0.0000000000 3000.0000000000 0.0006008989 -0.0000055131 FLYING
5.4500000000 -1957.7263206179 -2.5519564921 2726.7278688972 -2500.0000000000 0.0000000000 3000.0000000000 0.0005921906 -0.0000054538 FLYING
5.4600000000 -1963.4603385914 -2.5261055994 2729.7252764892 -2500.0000000000 0.0000000000 3000.0000000000 0.0005834959 -0.0000053947 FLYING
5.4700000000 -1969.1894688931 -2.5002418767 2732.7158740421 -2500.0000000000 0.0000000000 3000.0000000000 0.0005748148 -0.0000053359 FLYING
5.4800000000 -1974.9136936358 -2.4743658545 2735.6997252758 -2500.0000000000 0.0000000000 3000.0000000000 0.0005661470 -0.0000052773 FLYING
5.4900000000 -1980.6329951187 -2.4484780600 2738.6768936616 -2500.0000000000 0.0000000000 3000.0000000000 0.0005574922 -0.0000052189 FLYING
5.5000000000 -1986.3473558245 -2.4225790171 2741.6474424242 -2500.0000000000 0.0000000000 3000.0000000000 0.0005488504 -0.0000051607 FLYING
5.5100000000 -1992.0567584166 -2.3966692464 2744.6114345427 -2500.0000000000 0.0000000000 3000.0000000000 0.0005402213 -0.0000051028 FLYING
5.5200000000 -1997.7611857361 -2.3707492653 2747.5689327520 -2500.0000000000 0.0000000000 3000.0000000000 0.0005316046 -0.0000050450 FLYING
5.5300000000 -2003.4606207990 -2.3448195879 2750.5199995444 -2500.0000000000 0.0000000000 3000.0000000000 0.0005230002 -0.0000049875 FLYING
5.5400000000 -2009.1550467935 -2.3188807253 2753.4646971710 -2500.0000000000 0.0000000000 3000.0000000000 0.0005144078 -0.0000049301 FLYING
5.5500000000 -2014.8444470768 -2.2929331852 2756.4030876431 -2500.0000000000 0.0000000000 3000.0000000000 0.0005058272 -0.0000048730 FLYING
5.5600000000 -2020.5288051729 -2.2669774723 2759.3352327338 -2500.0000000000 0.0000000000 3000.0000000000 0.0004972582 -0.0000048161 FLYING
5.5700000000 -2026.2081047691 -2.2410140881 2762.2611939796 -2500.0000000000 0.0000000000 3000.0000000000 0.0004887005 -0.0000047594 FLYING
5.5800000000 -2031.8823297136 -2.2150435311 2765.1810326818 -2500.0000000000 0.0000000000 3000.0000000000 0.0004801538 -0.0000047028 FLYING
5.5900000000 -2037.5514640128 -2.1890662968 2768.0948099083 -2500.0000000000 0.0000000000 3000.0000000000 0.0004716180 -0.0000046465 FLYING
5.6000000000 -2043.2154918281 -2.1630828774 2771.0025864951 -2500.0000000000 0.0000000000 3000.0000000000 0.0004630927 -0.0000045904 FLYING
5.6100000000 -2048.8743974735 -2.1370937624 2773.9044230478 -2500.0000000000 0.0000000000 3000.0000000000 0.0004545777 -0.0000045344 FLYING
5.6200000000 -2054.5281654126 -2.1110994381 2776.8003799437 -2500.0000000000 0.0000000000 3000.0000000000 0.0004460728 -0.0000044787 FLYING
5.6300000000 -2060.1767802560 -2.0851003881 2779.6905173332 -2500.0000000000 0.0000000000 3000.0000000000 0.0004375776 -0.0000044232 FLYING
5.6400000000 -2065.8202267583 -2.0590970927 2782.5748951416 -2500.0000000000 0.0000000000 3000.0000000000 0.0004290918 -0.0000043678 FLYING
5.6500000000 -2071.4584898156 -2.0330900297 2785.4535730710 -2500.0000000000 0.0000000000 3000.0000000000 0.0004206153 -0.0000043126 FLYING
5.6600000000 -2077.0915544626 -2.0070796737 2788.3266106021 -2500.0000000000 0.0000000000 3000.0000000000 0.0004121476 -0.0000042577 FLYING
5.6700000000 -2082.7194058697 -1.9810664966 2791.1940669961 -2500.0000000000 0.0000000000 3000.0000000000 0.0004036886 -0.0000042029 FLYING
5.6800000000 -2088.3420293405 -1.9550509676 2794.0560012963 -2500.0000000000 0.0000000000 3000.0000000000 0.0003952378 -0.0000041482 FLYING
5.6900000000 -2093.9594103090 -1.9290335528 2796.9124723305 -2500.0000000000 0.0000000000 3000.0000000000 0.0003867949 -0.0000040938 FLYING
5.7000000000 -2099.5715343365 -1.9030147157 2799.7635387130 -2500.0000000000 0.0000000000 3000.0000000000 0.0003783596 -0.0000040396 FLYING
5.7100000000 -2105.1783871093 -1.8769949172 2802.6092588462 -2500.0000000000 0.0000000000 3000.0000000000 0.0003699316 -0.0000039855 FLYING
5.7200000000 -2110.7799544353 -1.8509746153 2805.4496909229 -2500.0000000000 0.0000000000 3000.0000000000 0.0003615106 -0.0000039316 FLYING
5.7300000000 -2116.3762222421 -1.8249542652 2808.2848929289 -2500.0000000000 0.0000000000 3000.0000000000 0.0003530961 -0.0000038779 FLYING
5.7400000000 -2121.9671765734 -1.7989343197 2811.1149226443 -2500.0000000000 0.0000000000 3000.0000000000 0.0003446877 -0.0000038244 FLYING
5.7500000000 -2127.5528035863 -1.7729152288 2813.9398376467 -2500.0000000000 0.0000000000 3000.0000000000 0.0003362852 -0.0000037710 FLYING
5.7600000000 -2133.1330895491 -1.7468974399 2816.7596953128 -2500.0000000000 0.0000000000 3000.0000000000 0.0003278880 -0.0000037178 FLYING
5.7700000000 -2138.7080208376 -1.7208813979 2819.5745528213 -2500.0000000000 0.0000000000 3000.0000000000 0.0003194959 -0.0000036648 FLYING
5.7800000000 -2144.2775839328 -1.6948675451 2822.3844671550 -2500.0000000000 0.0000000000 3000.0000000000 0.0003111082 -0.0000036119 FLYING
5.7900000000 -2149.8417654179 -1.6688563210 2825.1894951035 -2500.0000000000 0.0000000000 3000.0000000000 0.0003027247 -0.0000035592 FLYING
5.8000000000 -2155.4005519754 -1.6428481631 2827.9896932659 -2500.0000000000 0.0000000000 3000.0000000000 0.0002943449 -0.0000035067 FLYING
5.8100000000 -2160.9539303841 -1.6168435060 2830.7851180530 -2500.0000000000 0.0000000000 3000.0000000000 0.0002859682 -0.0000034543 FLYING
5.8200000000 -2166.5018875160 -1.5908427819 2833.5758256909 -2500.0000000000 0.0000000000 3000.0000000000 0.0002775942 -0.0000034022 FLYING
5.8300000000 -2172.0444103338 -1.5648464208 2836.3618722231 -2500.0000000000 0.0000000000 3000.0000000000 0.0002692223 -0.0000033501 FLYING
5.8400000000 -2177.5814858874 -1.5388548502 2839.1433135137 -2500.0000000000 0.0000000000 3000.0000000000 0.0002608521 -0.0000032983 FLYING
5.8500000000 -2183.1131013112 -1.5128684949 2841.9202052508 -2500.0000000000 0.0000000000 3000.0000000000 0.0002524829 -0.0000032465 FLYING
5.8600000000 -2188.6392438205 -1.4868877779 2844.6926029492 -2500.0000000000 0.0000000000 3000.0000000000 0.0002441142 -0.0000031950 FLYING
5.8700000000 -2194.1599007089 -1.4609131193 2847.4605619542 -2500.0000000000 0.0000000000 3000.0000000000 0.0002357454 -0.0000031436 FLYING
5.8800000000 -2199.6750593449 -1.4349449375 2850.2241374444 -2500.0000000000 0.0000000000 3000.0000000000 0.0002273758 -0.0000030923 FLYING
5.8900000000 -2205.1847071684 -1.4089836481 2852.9833844360 -2500.0000000000 0.0000000000 3000.0000000000 0.0002190047 -0.0000030413 FLYING
5.9000000000 -2210.6888316876 -1.3830296647 2855.7383577861 -2500.0000000000 0.0000000000 3000.0000000000 0.0002106315 -0.0000029903 FLYING
5.9100000000 -2216.1874204757 -1.3570833987 2858.4891121965 -2500.0000000000 0.0000000000 3000.0000000000 0.0002022553 -0.0000029395 FLYING
5.9200000000 -2221.6804611673 -1.3311452592 2861.2357022184 -2500.0000000000 0.0000000000 3000.0000000000 0.0001938755 -0.0000028889 FLYING
5.9300000000 -2227.1679414545 -1.3052156533 2863.9781822559 -2500.0000000000 0.0000000000 3000.0000000000 0.0001854912 -0.0000028384 FLYING
5.9400000000 -2232.6498490841 -1.2792949858 2866.7166065709 -2500.0000000000 0.0000000000 3000.0000000000 0.0001771015 -0.0000027881 FLYING
5.9500000000 -2238.1261718529 -1.2533836595 2869.4510292881 -2500.0000000000 0.0000000000 3000.0000000000 0.0001687055 -0.0000027379 FLYING
5.9600000000 -2243.5968976043 -1.2274820750 2872.1815043992 -2500.0000000000 0.0000000000 3000.0000000000 0.0001603023 -0.0000026878 FLYING
5.9700000000 -2249.0620142244 -1.2015906311 2874.9080857687 -2500.0000000000 0.0000000000 3000.0000000000 0.0001518907 -0.0000026379 FLYING
5.9800000000 -2254.5215096375 -1.1757097243 2877.6308271396 -2500.0000000000 0.0000000000 3000.0000000000 0.0001434697 -0.0000025882 FLYING
5.9900000000 -2259.9753718021 -1.1498397492 2880.3497821387 -2500.0000000000 0.0000000000 3000.0000000000 0.0001350382 -0.0000025386 FLYING
6.0000000000 -2265.4235887062 -1.1239810986 2883.0650042832 -2500.0000000000 0.0000000000 3000.0000000000 0.0001265949 -0.0000024891 FLYING
6.0100000000 -2270.8661483628 -1.0981341631 2885.7765469874 -2500.0000000000 0.0000000000 3000.0000000000 0.0001181383 -0.0000024398 FLYING
6.0200000000 -2276.3030388049 -1.0722993317 2888.4844635694 -2500.0000000000 0.0000000000 3000.0000000000 0.0001096672 -0.0000023906 FLYING
6.0300000000 -2281.7342480804 -1.0464769913 2891.1888072591 -2500.0000000000 0.0000000000 3000.0000000000 0.0001011799 -0.0000023415 FLYING
6.0400000000 -2287.1597642469 -1.0206675270 2893.8896312062 -2500.0000000000 0.0000000000 3000.0000000000 0.0000926748 -0.0000022926 FLYING
6.0500000000 -2292.5795753656 -0.9948713223 2896.5869884886 -2500.0000000000 0.0000000000 3000.0000000000 0.0000841500 -0.0000022439 FLYING
6.0600000000 -2297.9936694955 -0.9690887587 2899.2809321223 -2500.0000000000 0.0000000000 3000.0000000000 0.0000756037 -0.0000021952 FLYING
6.0700000000 -2303.4020346873 -0.9433202161 2901.9715150712 -2500.0000000000 0.0000000000 3000.0000000000 0.0000670337 -0.0000021467 FLYING
6.0800000000 -2308.8046589759 -0.9175660727 2904.6587902583 -2500.0000000000 0.0000000000 3000.0000000000 0.0000584376 -0.0000020984 FLYING
6.0900000000 -2314.2015303736 -0.8918267050 2907.3428105777 -2500.0000000000 0.0000000000 3000.0000000000 0.0000498130 -0.0000020502 FLYING
6.1000000000 -2319.5926368620 -0.8661024879 2910.0236289075 -2500.0000000000 0.0000000000 3000.0000000000 0.0000411571 -0.0000020021 FLYING
6.1100000000 -2324.9779663835 -0.8403937947 2912.7012981243 -2500.0000000000 0.0000000000 3000.0000000000 0.0000324668 -0.0000019542 FLYING
6.1200000000 -2330.3575068324 -0.8147009973 2915.3758711191 -2500.0000000000 0.0000000000 3000.0000000000 0.0000237387 -0.0000019064 FLYING
6.1300000000 -2335.7312460443 -0.7890244659 2918.0474008144 -2500.0000000000 0.0000000000 3000.0000000000 0.0000149691 -0.0000018587 FLYING
6.1400000000 -2341.0991717854 -0.7633645694 2920.7159401838 -2500.0000000000 0.0000000000 3000.0000000000 0.0000061537 -0.0000018113 FLYING
6.1500000000 -2346.4612717406 -0.7377216752 2923.3815422733 -2500.0000000000 0.0000000000 3000.0000000000 -0.0000027120 -0.0000017641 FLYING
6.1600000000 -2351.8175335000 -0.7120961484 2926.0442602259 -2500.0000000000 0.0000000000 3000.0000000000 -0.0000116328 -0.0000017173 FLYING
6.1700000000 -2357.1679445590 -0.6864883513 2928.7041473114 -2500.0000000000 0.0000000000 3000.0000000000 -0.0000206162 -0.0000016695 FLYING
6.1800000000 -2362.5124923135 -0.6608986518 2931.3612569732 -2500.0000000000 0.0000000000 3000.0000000000 -0.0000296674 -0.0000016227 FLYING
6.1900000000 -2367.8511640159 -0.6353274118 2934.0156428413 -2500.0000000000 0.0000000000 3000.0000000000 -0.0000387948 -0.0000015760 FLYING
6.2000000000 -2373.1839467525 -0.6097749926 2936.6673587740 -2500.0000000000 0.0000000000 3000.0000000000 -0.0000480071 -0.0000015294 FLYING
6.2100000000 -2378.5108274189 -0.5842417545 2939.3164589033 -2500.0000000000 0.0000000000 3000.0000000000 -0.0000573146 -0.0000014831 FLYING
6.2200000000 -2383.8317926923 -0.5587280565 2941.9629976874 -2500.0000000000 0.0000000000 3000.0000000000 -0.0000667293 -0.0000014369 FLYING
6.2300000000 -2389.1468289996 -0.5332342571 2944.6070299723 -2500.0000000000 0.0000000000 3000.0000000000 -0.0000762652 -0.0000013910 FLYING
6.2400000000 -2394.4559224792 -0.5077607140 2947.2486110636 -2500.0000000000 0.0000000000 3000.0000000000 -0.0000859390 -0.0000013453 FLYING
6.2500000000 -2399.7590589368 -0.4823077842 2949.8877968120 -2500.0000000000 0.0000000000 3000.0000000000 -0.0000957707 -0.0000012998 FLYING
6.2600000000 -2405.0562237929 -0.4568758242 2952.5246437156 -2500.0000000000 0.0000000000 3000.0000000000 -0.0001057842 -0.0000012546 FLYING
6.2700000000 -2410.3474020186 -0.4314651902 2955.1592090432 -2500.0000000000 0.0000000000 3000.0000000000 -0.0001160089 -0.0000012098 FLYING
6.2800000000 -2415.6325780592 -0.4060762382 2957.7915509847 -2500.0000000000 0.0000000000 3000.0000000000 -0.0001264811 -0.0000011653 FLYING
6.2900000000 -2420.9117357381 -0.3807093243 2960.4217288375 -2500.0000000000 0.0000000000 3000.0000000000 -0.0001372461 -0.0000011212 FLYING
6.3000000000 -2426.1848581380 -0.3553648049 2963.0498032400 -2500.0000000000 0.0000000000 3000.0000000000 -0.0001483616 -0.0000010775 FLYING
6.3100000000 -2431.4519274503 -0.3300430369 2965.6758364680 -2500.0000000000 0.0000000000 3000.0000000000 -0.0001599024 -0.0000010345 FLYING
6.3200000000 -2436.7129247794 -0.3047443784 2968.2998928192 -2500.0000000000 0.0000000000 3000.0000000000 -0.0001719668 -0.0000009922 FLYING
6.3300000000 -2441.9678298861 -0.2794691888 2970.9220391195 -2500.0000000000 0.0000000000 3000.0000000000 -0.0001846877 -0.0000009507 FLYING
6.3400000000 -2447.2166208415 -0.2542178296 2973.5423454073 -2500.0000000000 0.0000000000 3000.0000000000 -0.0001982486 -0.0000009104 FLYING
6.3500000000 -2452.4592735481 -0.2289906655 2976.1608858798 -2500.0000000000 0.0000000000 3000.0000000000 -0.0002129117 -0.0000008716 FLYING
6.3600000000 -2457.6957610577 -0.2037880653 2978.7777402448 -2500.0000000000 0.0000000000 3000.0000000000 -0.0002290648 -0.0000008348 FLYING
6.3700000000 -2462.9260525612 -0.1786104037 2981.3929957211 -2500.0000000000 0.0000000000 3000.0000000000 -0.0002473079 -0.0000008010 FLYING
6.3800000000 -2468.1501118271 -0.1534580642 2984.0067501363 -2500.0000000000 0.0000000000 3000.0000000000 -0.0002686221 -0.0000007713 FLYING
6.3900000000 -2473.3678946479 -0.1283314429 2986.6191169929 -2500.0000000000 0.0000000000 3000.0000000000 -0.0002947302 -0.0000007484 FLYING
6.4000000000 -2478.5793443553 -0.1032309565 2989.2302343703 -2500.0000000000 0.0000000000 3000.0000000000 -0.0003289587 -0.0000007370 FLYING
6.4100000000 -2483.7843831604 -0.0781570560 2991.8402821183 -2500.0000000000 0.0000000000 3000.0000000000 -0.0003786480 -0.0000007476 FLYING
6.4200000000 -2488.9828930393 -0.0531102582 2994.4495198136 -2500.0000000000 0.0000000000 3000.0000000000 -0.0004636255 -0.0000008089 FLYING
6.4300000000 -2494.1746640893 -0.0280912286 2997.0583893157 -2500.0000000000 0.0000000000 3000.0000000000 -0.0006595523 -0.0000010299 FLYING
6.4400000000 -2499.3591973767 -0.0031010998 2999.6679062122 -2500.0000000000 0.0000000000 3000.0000000000 -0.0015734161 -0.0000022877 FLYING
6.4500000000 -2504.5341223711 0.0218559801 3002.2828002619 -2500.0000000000 0.0000000000 3000.0000000000 -0.0209740133 -0.0000374544 SUCCESSFUL_INTERCEPT
