#MMT Motor
#
errMotor_Flag = -1     #-1: turns off errors; 1: turns on errors
tma_tht_sig = 0.0   #theta thrust misalignment 1-sigma (rad)
tma_psi_sig = 0.0   #psi   thrust misalignment 1-sigma (rad)
#
rthxb_sig   = 0.007948   #m  translational offset
rthyb_sig   = 0.0004953  #0.0195 in
rthzb_sig   = 0.00042926 #0.0169 in

#see "MMT Static Fire Data and Comparison Charts.xlsx"
#Ambient, Static Fire #8
#Note:  Data was converted to vacuum thrust
txv_table 
thrust_vs_t
2138.00
t txv
0	0
0.0005	380.1450261
0.001	619.0631037
0.0015	543.0437356
0.002	358.4252131
0.0025	184.6666193
0.003	141.2269931
0.0035	195.5265481
0.004	271.5459162
0.0045	347.5653287
0.005	325.8454712
0.0055	282.405845
0.006	260.6860319
0.0065	336.7054
0.007	553.9036199
0.0075	912.2807362
0.008	1422.696589
0.0085	2052.571524
0.009	2552.127448
0.0095	2986.523932
0.01	3225.44201
0.0105	3073.403229
0.011	2628.146861
0.0115	2074.291337
0.012	1824.513376
0.0125	2117.730964
0.013	2845.345081
0.0135	3605.538939
0.014	4018.215611
0.0145	4246.273759
0.015	4441.752166
0.0155	4593.790947
0.016	4506.91165
0.0165	4224.553946
0.017	4072.515166
0.0175	4105.094907
0.018	4213.694017
0.0185	4322.293127
0.019	4420.032353
0.0195	4550.351276
0.02	4582.931018
0.0205	4550.351276
0.021	4441.752166
0.0215	4376.592682
0.022	4354.872869
0.0225	4365.732798
0.023	4441.752166
0.0235	4539.491392
0.024	4593.790947
0.0245	4637.230573
0.025	4615.51076
0.0255	4561.211205
0.026	4517.771579
0.0265	4496.051721
0.027	4517.771579
0.0275	4550.351276
0.028	4593.790947
0.0285	4604.650876
0.029	4615.51076
0.0295	4604.650876
0.03	4604.650876
0.0305	4593.790947
0.031	4572.071134
0.0315	4572.071134
0.032	4582.931018
0.0325	4593.790947
0.033	4604.650876
0.0335	4604.650876
0.034	4593.790947
0.0345	4593.790947
0.035	4572.071134
0.0355	4550.351276
0.036	4561.211205
0.0365	4561.211205
0.037	4582.931018
0.0375	4604.650876
0.038	4604.650876
0.0385	4572.071134
0.039	4528.631463
0.0395	4528.631463
0.04	4561.211205
0.0405	4572.071134
0.041	4572.071134
0.0415	4572.071134
0.042	4582.931018
0.0425	4582.931018
0.043	4604.650876
0.0435	4615.51076
0.044	4582.931018
0.0445	4561.211205
0.045	4572.071134
0.0455	4593.790947
0.046	4658.950431
0.0465	4637.230573
0.047	4615.51076
0.0475	4550.351276
0.048	4528.631463
0.0485	4572.071134
0.049	4658.950431
0.0495	4702.390057
0.05	4680.670244
0.0505	4604.650876
0.051	4517.771579
0.0515	4506.91165
0.052	4572.071134
0.0525	4680.670244
0.053	4713.249986
0.0535	4626.370689
0.054	4528.631463
0.0545	4452.612095
0.055	4528.631463
0.0555	4648.090502
0.056	4724.10987
0.0565	4702.390057
0.057	4593.790947
0.0575	4506.91165
0.058	4517.771579
0.0585	4637.230573
0.059	4734.969799
0.0595	4724.10987
0.06	4637.230573
0.0605	4539.491392
0.061	4517.771579
0.0615	4582.931018
0.062	4702.390057
0.0625	4767.549541
0.063	4756.689612
0.0635	4637.230573
0.064	4550.351276
0.0645	4572.071134
0.065	4658.950431
0.0655	4767.549541
0.066	4789.269354
0.0665	4702.390057
0.067	4593.790947
0.0675	4528.631463
0.068	4572.071134
0.0685	4724.10987
0.069	4810.989167
0.0695	4756.689612
0.07	4637.230573
0.0705	4539.491392
0.071	4528.631463
0.0715	4658.950431
0.072	4767.549541
0.0725	4778.409469
0.073	4680.670244
0.0735	4572.071134
0.074	4539.491392
0.0745	4604.650876
0.075	4734.969799
0.0755	4800.129282
0.076	4778.409469
0.0765	4658.950431
0.077	4550.351276
0.0775	4582.931018
0.078	4680.670244
0.0785	4778.409469
0.079	4778.409469
0.0795	4680.670244
0.08	4615.51076
0.0805	4593.790947
0.081	4648.090502
0.0815	4724.10987
0.082	4713.249986
0.0825	4669.810315
0.083	4572.071134
0.0835	4485.191837
0.084	4517.771579
0.0845	4593.790947
0.085	4702.390057
0.0855	4734.969799
0.086	4680.670244
0.0865	4528.631463
0.087	4452.612095
0.0875	4430.892282
0.088	4539.491392
0.0885	4648.090502
0.089	4680.670244
0.0895	4626.370689
0.09	4561.211205
0.0905	4506.91165
0.091	4452.612095
0.0915	4409.172424
0.092	4387.452611
0.0925	4344.012985
0.093	4365.732798
0.0935	4430.892282
0.094	4539.491392
0.0945	4582.931018
0.095	4539.491392
0.0955	4420.032353
0.096	4344.012985
0.0965	4333.153056
0.097	4398.31254
0.0975	4506.91165
0.098	4550.351276
0.0985	4506.91165
0.099	4376.592682
0.0995	4235.413831
0.1	4126.814721
0.1005	4191.974204
0.101	4344.012985
0.1015	4539.491392
0.102	4626.370689
0.1025	4550.351276
0.103	4409.172424
0.1035	4137.674649
0.104	3942.196198
0.1045	3942.196198
0.105	4257.133688
0.1055	4626.370689
0.106	4767.549541
0.1065	4604.650876
0.107	4300.573314
0.1075	4170.254391
0.108	4202.834089
0.1085	4246.273759
0.109	4246.273759
0.1095	4311.433243
0.11	4441.752166
0.1105	4517.771579
0.111	4506.91165
0.1115	4561.211205
0.112	4582.931018
0.1125	4463.471979
0.113	4246.273759
0.1135	4148.534534
0.114	4235.413831
0.1145	4344.012985
0.115	4496.051721
0.1155	4648.090502
0.116	4724.10987
0.1165	4669.810315
0.117	4441.752166
0.1175	4246.273759
0.118	4181.114276
0.1185	4202.834089
0.119	4257.133688
0.1195	4376.592682
0.12	4582.931018
0.1205	4702.390057
0.121	4658.950431
0.1215	4528.631463
0.122	4311.433243
0.1225	4137.674649
0.123	3996.495797
0.1235	4083.375094
0.124	4441.752166
0.1245	4810.989167
0.125	4941.308134
0.1255	4691.530172
0.126	4300.573314
0.1265	4018.215611
0.127	4018.215611
0.1275	4278.853501
0.128	4626.370689
0.1285	4778.409469
0.129	4724.10987
0.1295	4528.631463
0.13	4322.293127
0.1305	4224.553946
0.131	4300.573314
0.1315	4452.612095
0.132	4528.631463
0.1325	4593.790947
0.133	4528.631463
0.1335	4452.612095
0.134	4365.732798
0.1345	4354.872869
0.135	4344.012985
0.1355	4398.31254
0.136	4496.051721
0.1365	4582.931018
0.137	4648.090502
0.1375	4561.211205
0.138	4387.452611
0.1385	4202.834089
0.139	4126.814721
0.1395	4322.293127
0.14	4572.071134
0.1405	4691.530172
0.141	4637.230573
0.1415	4474.331908
0.142	4344.012985
0.1425	4300.573314
0.143	4333.153056
0.1435	4398.31254
0.144	4474.331908
0.1445	4506.91165
0.145	4528.631463
0.1455	4474.331908
0.146	4441.752166
0.1465	4376.592682
0.147	4398.31254
0.1475	4430.892282
0.148	4496.051721
0.1485	4528.631463
0.149	4463.471979
0.1495	4441.752166
0.15	4409.172424
0.1505	4420.032353
0.151	4420.032353
0.1515	4420.032353
0.152	4441.752166
0.1525	4409.172424
0.153	4420.032353
0.1535	4452.612095
0.154	4506.91165
0.1545	4550.351276
0.155	4485.191837
0.1555	4398.31254
0.156	4344.012985
0.1565	4322.293127
0.157	4322.293127
0.1575	4376.592682
0.158	4506.91165
0.1585	4604.650876
0.159	4550.351276
0.1595	4420.032353
0.16	4354.872869
0.1605	4387.452611
0.161	4398.31254
0.1615	4398.31254
0.162	4409.172424
0.1625	4441.752166
0.163	4430.892282
0.1635	4420.032353
0.164	4474.331908
0.1645	4593.790947
0.165	4550.351276
0.1655	4333.153056
0.166	4246.273759
0.1665	4300.573314
0.167	4398.31254
0.1675	4430.892282
0.168	4463.471979
0.1685	4539.491392
0.169	4561.211205
0.1695	4485.191837
0.17	4300.573314
0.1705	4246.273759
0.171	4278.853501
0.1715	4420.032353
0.172	4517.771579
0.1725	4550.351276
0.173	4550.351276
0.1735	4474.331908
0.174	4387.452611
0.1745	4300.573314
0.175	4354.872869
0.1755	4441.752166
0.176	4528.631463
0.1765	4582.931018
0.177	4496.051721
0.1775	4376.592682
0.178	4344.012985
0.1785	4420.032353
0.179	4550.351276
0.1795	4593.790947
0.18	4528.631463
0.1805	4485.191837
0.181	4441.752166
0.1815	4398.31254
0.182	4322.293127
0.1825	4289.713386
0.183	4376.592682
0.1835	4506.91165
0.184	4593.790947
0.1845	4550.351276
0.185	4452.612095
0.1855	4333.153056
0.186	4246.273759
0.1865	4181.114276
0.187	4235.413831
0.1875	4354.872869
0.188	4528.631463
0.1885	4615.51076
0.189	4572.071134
0.1895	4452.612095
0.19	4300.573314
0.1905	4202.834089
0.191	4246.273759
0.1915	4387.452611
0.192	4550.351276
0.1925	4604.650876
0.193	4550.351276
0.1935	4398.31254
0.194	4224.553946
0.1945	4115.954792
0.195	4257.133688
0.1955	4517.771579
0.196	4669.810315
0.1965	4561.211205
0.197	4344.012985
0.1975	4159.394462
0.198	4148.534534
0.1985	4257.133688
0.199	4311.433243
0.1995	4398.31254
0.2	4387.452611
0.2005	4441.752166
0.201	4430.892282
0.2015	4278.853501
0.202	4094.234979
0.2025	3996.495797
0.203	4094.234979
0.2035	4365.732798
0.204	4626.370689
0.2045	4724.10987
0.205	4615.51076
0.2055	4278.853501
0.206	3909.616501
0.2065	3779.297533
0.207	3942.196198
0.2075	4300.573314
0.208	4680.670244
0.2085	4843.568909
0.209	4767.549541
0.2095	4398.31254
0.21	4018.215611
0.2105	3931.336314
0.211	4061.655237
0.2115	4322.293127
0.212	4409.172424
0.2125	4452.612095
0.213	4463.471979
0.2135	4452.612095
0.214	4387.452611
0.2145	4289.713386
0.215	4257.133688
0.2155	4322.293127
0.216	4344.012985
0.2165	4267.993572
0.217	4126.814721
0.2175	4115.954792
0.218	4213.694017
0.2185	4430.892282
0.219	4539.491392
0.2195	4528.631463
0.22	4452.612095
0.2205	4387.452611
0.221	4267.993572
0.2215	4148.534534
0.222	4148.534534
0.2225	4202.834089
0.223	4365.732798
0.2235	4452.612095
0.224	4441.752166
0.2245	4387.452611
0.225	4289.713386
0.2255	4224.553946
0.226	4213.694017
0.2265	4333.153056
0.227	4420.032353
0.2275	4398.31254
0.228	4278.853501
0.2285	4278.853501
0.229	4398.31254
0.2295	4485.191837
0.23	4409.172424
0.2305	4257.133688
0.231	4202.834089
0.2315	4202.834089
0.232	4191.974204
0.2325	4300.573314
0.233	4550.351276
0.2335	4789.269354
0.234	4680.670244
0.2345	4278.853501
0.235	3953.056127
0.2355	3963.916056
0.236	4224.553946
0.2365	4463.471979
0.237	4528.631463
0.2375	4474.331908
0.238	4354.872869
0.2385	4191.974204
0.239	4083.375094
0.2395	4191.974204
0.24	4452.612095
0.2405	4680.670244
0.241	4658.950431
0.2415	4398.31254
0.242	4181.114276
0.2425	4115.954792
0.243	4159.394462
0.2435	4213.694017
0.244	4344.012985
0.2445	4517.771579
0.245	4615.51076
0.2455	4572.071134
0.246	4398.31254
0.2465	4311.433243
0.247	4354.872869
0.2475	4463.471979
0.248	4474.331908
0.2485	4463.471979
0.249	4441.752166
0.2495	4398.31254
0.25	4311.433243
0.2505	4235.413831
0.251	4213.694017
0.2515	4311.433243
0.252	4463.471979
0.2525	4680.670244
0.253	4745.829727
0.2535	4572.071134
0.254	4235.413831
0.2545	3920.476385
0.255	3822.737204
0.2555	3974.77594
0.256	4322.293127
0.2565	4745.829727
0.257	4919.588321
0.2575	4789.269354
0.258	4354.872869
0.2585	3866.17683
0.259	3724.997978
0.2595	3942.196198
0.26	4420.032353
0.2605	4832.709024
0.261	4865.288766
0.2615	4637.230573
0.262	4289.713386
0.2625	3963.916056
0.263	3779.297533
0.2635	3920.476385
0.264	4365.732798
0.2645	4908.728392
0.265	5093.346915
0.2655	4821.849096
0.266	4344.012985
0.2665	3887.896643
0.267	3670.698423
0.2675	3735.857907
0.268	4170.254391
0.2685	4756.689612
0.269	5104.206799
0.2695	5017.327502
0.27	4561.211205
0.2705	4126.814721
0.271	3822.737204
0.2715	3714.138049
0.272	3920.476385
0.2725	4387.452611
0.273	4941.308134
0.2735	5169.366283
0.274	4908.728392
0.2745	4409.172424
0.275	3898.756572
0.2755	3703.278165
0.276	3844.457017
0.2765	4300.573314
0.277	4789.269354
0.2775	5060.767173
0.278	4973.887876
0.2785	4561.211205
0.279	4148.534534
0.2795	3931.336314
0.28	4029.075495
0.2805	4311.433243
0.281	4702.390057
0.2815	4919.588321
0.282	4832.709024
0.2825	4528.631463
0.283	4170.254391
0.2835	4018.215611
0.284	4061.655237
0.2845	4333.153056
0.285	4669.810315
0.2855	4887.008579
0.286	4865.288766
0.2865	4615.51076
0.287	4322.293127
0.2875	4050.795352
0.288	3974.77594
0.2885	4072.515166
0.289	4344.012985
0.2895	4648.090502
0.29	4680.670244
0.2905	4365.732798
0.291	4083.375094
0.2915	4159.394462
0.292	4452.612095
0.2925	4593.790947
0.293	4463.471979
0.2935	4333.153056
0.294	4376.592682
0.2945	4463.471979
0.295	4376.592682
0.2955	4246.273759
0.296	4159.394462
0.2965	4224.553946
0.297	4387.452611
0.2975	4604.650876
0.298	4756.689612
0.2985	4691.530172
0.299	4506.91165
0.2995	4224.553946
0.3	4039.935424
0.3005	3996.495797
0.301	4094.234979
0.3015	4333.153056
0.302	4637.230573
0.3025	4800.129282
0.303	4724.10987
0.3035	4517.771579
0.304	4311.433243
0.3045	4137.674649
0.305	4050.795352
0.3055	4170.254391
0.306	4474.331908
0.3065	4767.549541
0.307	4843.568909
0.3075	4637.230573
0.308	4322.293127
0.3085	4050.795352
0.309	4039.935424
0.3095	4159.394462
0.31	4398.31254
0.3105	4658.950431
0.311	4800.129282
0.3115	4778.409469
0.312	4615.51076
0.3125	4354.872869
0.313	4094.234979
0.3135	3985.635869
0.314	4213.694017
0.3145	4550.351276
0.315	4800.129282
0.3155	4734.969799
0.316	4528.631463
0.3165	4344.012985
0.317	4213.694017
0.3175	4202.834089
0.318	4257.133688
0.3185	4430.892282
0.319	4572.071134
0.3195	4604.650876
0.32	4550.351276
0.3205	4452.612095
0.321	4430.892282
0.3215	4387.452611
0.322	4322.293127
0.3225	4213.694017
0.323	4148.534534
0.3235	4257.133688
0.324	4517.771579
0.3245	4680.670244
0.325	4626.370689
0.3255	4452.612095
0.326	4257.133688
0.3265	4148.534534
0.327	4083.375094
0.3275	4191.974204
0.328	4463.471979
0.3285	4680.670244
0.329	4702.390057
0.3295	4539.491392
0.33	4278.853501
0.3305	4170.254391
0.331	4115.954792
0.3315	4170.254391
0.332	4333.153056
0.3325	4572.071134
0.333	4713.249986
0.3335	4604.650876
0.334	4420.032353
0.3345	4278.853501
0.335	4235.413831
0.3355	4202.834089
0.336	4235.413831
0.3365	4376.592682
0.337	4517.771579
0.3375	4626.370689
0.338	4582.931018
0.3385	4430.892282
0.339	4289.713386
0.3395	4191.974204
0.34	4191.974204
0.3405	4257.133688
0.341	4365.732798
0.3415	4506.91165
0.342	4582.931018
0.3425	4528.631463
0.343	4387.452611
0.3435	4246.273759
0.344	4213.694017
0.3445	4300.573314
0.345	4409.172424
0.3455	4528.631463
0.346	4550.351276
0.3465	4506.91165
0.347	4430.892282
0.3475	4376.592682
0.348	4387.452611
0.3485	4409.172424
0.349	4452.612095
0.3495	4420.032353
0.35	4354.872869
0.3505	4322.293127
0.351	4333.153056
0.3515	4441.752166
0.352	4496.051721
0.3525	4452.612095
0.353	4398.31254
0.3535	4344.012985
0.354	4398.31254
0.3545	4463.471979
0.355	4506.91165
0.3555	4485.191837
0.356	4387.452611
0.3565	4365.732798
0.357	4365.732798
0.3575	4376.592682
0.358	4398.31254
0.3585	4420.032353
0.359	4441.752166
0.3595	4430.892282
0.36	4452.612095
0.3605	4365.732798
0.361	4344.012985
0.3615	4333.153056
0.362	4333.153056
0.3625	4430.892282
0.363	4474.331908
0.3635	4539.491392
0.364	4517.771579
0.3645	4441.752166
0.365	4278.853501
0.3655	4126.814721
0.366	4170.254391
0.3665	4300.573314
0.367	4463.471979
0.3675	4485.191837
0.368	4420.032353
0.3685	4398.31254
0.369	4430.892282
0.3695	4452.612095
0.37	4354.872869
0.3705	4246.273759
0.371	4267.993572
0.3715	4430.892282
0.372	4517.771579
0.3725	4420.032353
0.373	4257.133688
0.3735	4191.974204
0.374	4278.853501
0.3745	4452.612095
0.375	4528.631463
0.3755	4463.471979
0.376	4333.153056
0.3765	4224.553946
0.377	4278.853501
0.3775	4398.31254
0.378	4517.771579
0.3785	4604.650876
0.379	4506.91165
0.3795	4365.732798
0.38	4235.413831
0.3805	4191.974204
0.381	4224.553946
0.3815	4289.713386
0.382	4398.31254
0.3825	4463.471979
0.383	4550.351276
0.3835	4517.771579
0.384	4441.752166
0.3845	4311.433243
0.385	4224.553946
0.3855	4246.273759
0.386	4257.133688
0.3865	4344.012985
0.387	4365.732798
0.3875	4354.872869
0.388	4354.872869
0.3885	4376.592682
0.389	4387.452611
0.3895	4398.31254
0.39	4333.153056
0.3905	4300.573314
0.391	4333.153056
0.3915	4376.592682
0.392	4376.592682
0.3925	4311.433243
0.393	4181.114276
0.3935	4235.413831
0.394	4409.172424
0.3945	4517.771579
0.395	4496.051721
0.3955	4398.31254
0.396	4322.293127
0.3965	4278.853501
0.397	4278.853501
0.3975	4344.012985
0.398	4354.872869
0.3985	4354.872869
0.399	4430.892282
0.3995	4528.631463
0.4	4615.51076
0.4005	4604.650876
0.401	4409.172424
0.4015	4191.974204
0.402	4072.515166
0.4025	4159.394462
0.403	4300.573314
0.4035	4376.592682
0.404	4430.892282
0.4045	4474.331908
0.405	4528.631463
0.4055	4474.331908
0.406	4376.592682
0.4065	4246.273759
0.407	4148.534534
0.4075	4126.814721
0.408	4213.694017
0.4085	4387.452611
0.409	4496.051721
0.4095	4615.51076
0.41	4615.51076
0.4105	4539.491392
0.411	4398.31254
0.4115	4344.012985
0.412	4387.452611
0.4125	4485.191837
0.413	4528.631463
0.4135	4517.771579
0.414	4539.491392
0.4145	4517.771579
0.415	4463.471979
0.4155	4365.732798
0.416	4344.012985
0.4165	4409.172424
0.417	4528.631463
0.4175	4550.351276
0.418	4420.032353
0.4185	4322.293127
0.419	4333.153056
0.4195	4409.172424
0.42	4430.892282
0.4205	4376.592682
0.421	4333.153056
0.4215	4300.573314
0.422	4289.713386
0.4225	4344.012985
0.423	4376.592682
0.4235	4311.433243
0.424	4170.254391
0.4245	4235.413831
0.425	4485.191837
0.4255	4734.969799
0.426	4702.390057
0.4265	4409.172424
0.427	4105.094907
0.4275	3942.196198
0.428	4050.795352
0.4285	4278.853501
0.429	4593.790947
0.4295	4767.549541
0.43	4691.530172
0.4305	4398.31254
0.431	3985.635869
0.4315	3877.036759
0.432	4105.094907
0.4325	4452.612095
0.433	4658.950431
0.4335	4539.491392
0.434	4441.752166
0.4345	4289.713386
0.435	4137.674649
0.4355	4039.935424
0.436	4105.094907
0.4365	4398.31254
0.437	4528.631463
0.4375	4441.752166
0.438	4300.573314
0.4385	4246.273759
0.439	4224.553946
0.4395	4224.553946
0.44	4311.433243
0.4405	4485.191837
0.441	4626.370689
0.4415	4539.491392
0.442	4267.993572
0.4425	4072.515166
0.443	4061.655237
0.4435	4289.713386
0.444	4441.752166
0.4445	4517.771579
0.445	4496.051721
0.4455	4463.471979
0.446	4420.032353
0.4465	4278.853501
0.447	4159.394462
0.4475	4126.814721
0.448	4224.553946
0.4485	4398.31254
0.449	4517.771579
0.4495	4615.51076
0.45	4528.631463
0.4505	4311.433243
0.451	4072.515166
0.4515	4007.355682
0.452	4257.133688
0.4525	4582.931018
0.453	4745.829727
0.4535	4669.810315
0.454	4463.471979
0.4545	4246.273759
0.455	4061.655237
0.4555	3963.916056
0.456	4083.375094
0.4565	4409.172424
0.457	4724.10987
0.4575	4724.10987
0.458	4539.491392
0.4585	4300.573314
0.459	4137.674649
0.4595	4072.515166
0.46	4105.094907
0.4605	4267.993572
0.461	4409.172424
0.4615	4572.071134
0.462	4593.790947
0.4625	4354.872869
0.463	4039.935424
0.4635	3887.896643
0.464	4148.534534
0.4645	4496.051721
0.465	4572.071134
0.4655	4300.573314
0.466	4105.094907
0.4665	4181.114276
0.467	4322.293127
0.4675	4409.172424
0.468	4311.433243
0.4685	4191.974204
0.469	4126.814721
0.4695	4083.375094
0.47	4105.094907
0.4705	4181.114276
0.471	4387.452611
0.4715	4506.91165
0.472	4430.892282
0.4725	4235.413831
0.473	4029.075495
0.4735	4018.215611
0.474	4126.814721
0.4745	4300.573314
0.475	4333.153056
0.4755	4322.293127
0.476	4333.153056
0.4765	4398.31254
0.477	4409.172424
0.4775	4344.012985
0.478	4224.553946
0.4785	4126.814721
0.479	4159.394462
0.4795	4344.012985
0.48	4582.931018
0.4805	4702.390057
0.481	4572.071134
0.4815	4300.573314
0.482	4094.234979
0.4825	4050.795352
0.483	4115.954792
0.4835	4289.713386
0.484	4506.91165
0.4845	4702.390057
0.485	4669.810315
0.4855	4398.31254
0.486	4061.655237
0.4865	3877.036759
0.487	3996.495797
0.4875	4213.694017
0.488	4409.172424
0.4885	4561.211205
0.489	4615.51076
0.4895	4496.051721
0.49	4148.534534
0.4905	3811.877275
0.491	3822.737204
0.4915	4235.413831
0.492	4713.249986
0.4925	4821.849096
0.493	4539.491392
0.4935	4115.954792
0.494	3877.036759
0.4945	3877.036759
0.495	4007.355682
0.4955	4344.012985
0.496	4691.530172
0.4965	4810.989167
0.497	4615.51076
0.4975	4181.114276
0.498	3898.756572
0.4985	3757.57772
0.499	3942.196198
0.4995	4333.153056
0.5	4734.969799
0.5005	4919.588321
0.501	4680.670244
0.5015	4202.834089
0.502	3822.737204
0.5025	3801.017346
0.503	4126.814721
0.5035	4517.771579
0.504	4702.390057
0.5045	4615.51076
0.505	4441.752166
0.5055	4148.534534
0.506	3887.896643
0.5065	3898.756572
0.507	4224.553946
0.5075	4724.10987
0.508	4908.728392
0.5085	4658.950431
0.509	4246.273759
0.5095	3985.635869
0.51	3931.336314
0.5105	4018.215611
0.511	4344.012985
0.5115	4745.829727
0.512	4963.027947
0.5125	4810.989167
0.513	4354.872869
0.5135	4029.075495
0.514	3909.616501
0.5145	4083.375094
0.515	4344.012985
0.5155	4550.351276
0.516	4713.249986
0.5165	4658.950431
0.517	4463.471979
0.5175	4213.694017
0.518	3996.495797
0.5185	3942.196198
0.519	4137.674649
0.5195	4485.191837
0.52	4778.409469
0.5205	4821.849096
0.521	4506.91165
0.5215	4094.234979
0.522	3811.877275
0.5225	3866.17683
0.523	4246.273759
0.5235	4713.249986
0.524	4919.588321
0.5245	4734.969799
0.525	4289.713386
0.5255	3844.457017
0.526	3594.679011
0.5265	3681.558307
0.527	4148.534534
0.5275	4756.689612
0.528	5136.786541
0.5285	4930.448206
0.529	4387.452611
0.5295	3779.297533
0.53	3518.659642
0.5305	3735.857907
0.531	4159.394462
0.5315	4658.950431
0.532	4897.868464
0.5325	4897.868464
0.533	4528.631463
0.5335	4039.935424
0.534	3768.437604
0.5345	3898.756572
0.535	4376.592682
0.5355	4702.390057
0.536	4800.129282
0.5365	4572.071134
0.537	4246.273759
0.5375	4007.355682
0.538	3996.495797
0.5385	4191.974204
0.539	4441.752166
0.5395	4702.390057
0.54	4821.849096
0.5405	4691.530172
0.541	4354.872869
0.5415	4050.795352
0.542	3920.476385
0.5425	4083.375094
0.543	4376.592682
0.5435	4615.51076
0.544	4691.530172
0.5445	4572.071134
0.545	4387.452611
0.5455	4159.394462
0.546	4050.795352
0.5465	4159.394462
0.547	4485.191837
0.5475	4778.409469
0.548	4789.269354
0.5485	4539.491392
0.549	4267.993572
0.5495	4094.234979
0.55	4072.515166
0.5505	4213.694017
0.551	4463.471979
0.5515	4724.10987
0.552	4756.689612
0.5525	4550.351276
0.553	4246.273759
0.5535	4115.954792
0.554	4170.254391
0.5545	4267.993572
0.555	4365.732798
0.5555	4409.172424
0.556	4463.471979
0.5565	4528.631463
0.557	4420.032353
0.5575	4289.713386
0.558	4181.114276
0.5585	4202.834089
0.559	4333.153056
0.5595	4463.471979
0.56	4474.331908
0.5605	4387.452611
0.561	4311.433243
0.5615	4365.732798
0.562	4430.892282
0.5625	4463.471979
0.563	4365.732798
0.5635	4300.573314
0.564	4289.713386
0.5645	4387.452611
0.565	4430.892282
0.5655	4387.452611
0.566	4365.732798
0.5665	4387.452611
0.567	4420.032353
0.5675	4376.592682
0.568	4311.433243
0.5685	4322.293127
0.569	4398.31254
0.5695	4376.592682
0.57	4278.853501
0.5705	4278.853501
0.571	4409.172424
0.5715	4582.931018
0.572	4626.370689
0.5725	4528.631463
0.573	4398.31254
0.5735	4333.153056
0.574	4300.573314
0.5745	4267.993572
0.575	4278.853501
0.5755	4474.331908
0.576	4669.810315
0.5765	4680.670244
0.577	4506.91165
0.5775	4322.293127
0.578	4322.293127
0.5785	4409.172424
0.579	4463.471979
0.5795	4409.172424
0.58	4289.713386
0.5805	4267.993572
0.581	4344.012985
0.5815	4496.051721
0.582	4561.211205
0.5825	4572.071134
0.583	4539.491392
0.5835	4365.732798
0.584	4267.993572
0.5845	4246.273759
0.585	4333.153056
0.5855	4474.331908
0.586	4528.631463
0.5865	4517.771579
0.587	4474.331908
0.5875	4452.612095
0.588	4409.172424
0.5885	4376.592682
0.589	4354.872869
0.5895	4311.433243
0.59	4278.853501
0.5905	4365.732798
0.591	4550.351276
0.5915	4702.390057
0.592	4658.950431
0.5925	4485.191837
0.593	4365.732798
0.5935	4354.872869
0.594	4409.172424
0.5945	4506.91165
0.595	4626.370689
0.5955	4691.530172
0.596	4669.810315
0.5965	4528.631463
0.597	4463.471979
0.5975	4441.752166
0.598	4485.191837
0.5985	4539.491392
0.599	4561.211205
0.5995	4528.631463
0.6	4463.471979
0.6005	4365.732798
0.601	4311.433243
0.6015	4354.872869
0.602	4420.032353
0.6025	4539.491392
0.603	4561.211205
0.6035	4474.331908
0.604	4300.573314
0.6045	4126.814721
0.605	4115.954792
0.6055	4300.573314
0.606	4517.771579
0.6065	4593.790947
0.607	4485.191837
0.6075	4344.012985
0.608	4289.713386
0.6085	4257.133688
0.609	4115.954792
0.6095	4072.515166
0.61	4170.254391
0.6105	4474.331908
0.611	4745.829727
0.6115	4669.810315
0.612	4420.032353
0.6125	4191.974204
0.613	4126.814721
0.6135	4159.394462
0.614	4267.993572
0.6145	4452.612095
0.615	4626.370689
0.6155	4691.530172
0.616	4528.631463
0.6165	4300.573314
0.617	4170.254391
0.6175	4235.413831
0.618	4485.191837
0.6185	4637.230573
0.619	4626.370689
0.6195	4496.051721
0.62	4398.31254
0.6205	4398.31254
0.621	4354.872869
0.6215	4311.433243
0.622	4289.713386
0.6225	4387.452611
0.623	4615.51076
0.6235	4713.249986
0.624	4604.650876
0.6245	4344.012985
0.625	4170.254391
0.6255	4181.114276
0.626	4354.872869
0.6265	4582.931018
0.627	4745.829727
0.6275	4724.10987
0.628	4572.071134
0.6285	4333.153056
0.629	4246.273759
0.6295	4289.713386
0.63	4441.752166
0.6305	4658.950431
0.631	4702.390057
0.6315	4593.790947
0.632	4398.31254
0.6325	4344.012985
0.633	4387.452611
0.6335	4463.471979
0.634	4561.211205
0.6345	4517.771579
0.635	4474.331908
0.6355	4409.172424
0.636	4376.592682
0.6365	4387.452611
0.637	4376.592682
0.6375	4387.452611
0.638	4398.31254
0.6385	4409.172424
0.639	4463.471979
0.6395	4409.172424
0.64	4420.032353
0.6405	4398.31254
0.641	4354.872869
0.6415	4376.592682
0.642	4398.31254
0.6425	4485.191837
0.643	4496.051721
0.6435	4452.612095
0.644	4409.172424
0.6445	4322.293127
0.645	4322.293127
0.6455	4311.433243
0.646	4420.032353
0.6465	4409.172424
0.647	4420.032353
0.6475	4344.012985
0.648	4224.553946
0.6485	4235.413831
0.649	4365.732798
0.6495	4626.370689
0.65	4724.10987
0.6505	4550.351276
0.651	4289.713386
0.6515	4115.954792
0.652	4159.394462
0.6525	4387.452611
0.653	4648.090502
0.6535	4724.10987
0.654	4658.950431
0.6545	4463.471979
0.655	4289.713386
0.6555	4224.553946
0.656	4344.012985
0.6565	4506.91165
0.657	4593.790947
0.6575	4582.931018
0.658	4485.191837
0.6585	4387.452611
0.659	4354.872869
0.6595	4398.31254
0.66	4463.471979
0.6605	4506.91165
0.661	4441.752166
0.6615	4409.172424
0.662	4420.032353
0.6625	4517.771579
0.663	4593.790947
0.6635	4485.191837
0.664	4311.433243
0.6645	4224.553946
0.665	4311.433243
0.6655	4441.752166
0.666	4496.051721
0.6665	4441.752166
0.667	4387.452611
0.6675	4354.872869
0.668	4300.573314
0.6685	4311.433243
0.669	4311.433243
0.6695	4354.872869
0.67	4344.012985
0.6705	4365.732798
0.671	4430.892282
0.6715	4517.771579
0.672	4506.91165
0.6725	4333.153056
0.673	4148.534534
0.6735	4105.094907
0.674	4224.553946
0.6745	4441.752166
0.675	4626.370689
0.6755	4561.211205
0.676	4322.293127
0.6765	4094.234979
0.677	4050.795352
0.6775	4202.834089
0.678	4387.452611
0.6785	4441.752166
0.679	4257.133688
0.6795	4115.954792
0.68	4115.954792
0.6805	4344.012985
0.681	4506.91165
0.6815	4474.331908
0.682	4246.273759
0.6825	4126.814721
0.683	4235.413831
0.6835	4322.293127
0.684	4311.433243
0.6845	4224.553946
0.685	4257.133688
0.6855	4322.293127
0.686	4387.452611
0.6865	4344.012985
0.687	4267.993572
0.6875	4224.553946
0.688	4257.133688
0.6885	4278.853501
0.689	4246.273759
0.6895	4257.133688
0.69	4289.713386
0.6905	4387.452611
0.691	4420.032353
0.6915	4333.153056
0.692	4257.133688
0.6925	4235.413831
0.693	4333.153056
0.6935	4420.032353
0.694	4474.331908
0.6945	4463.471979
0.695	4430.892282
0.6955	4289.713386
0.696	4224.553946
0.6965	4289.713386
0.697	4463.471979
0.6975	4648.090502
0.698	4604.650876
0.6985	4485.191837
0.699	4311.433243
0.6995	4235.413831
0.7	4202.834089
0.7005	4246.273759
0.701	4420.032353
0.7015	4604.650876
0.702	4680.670244
0.7025	4572.071134
0.703	4398.31254
0.7035	4224.553946
0.704	4191.974204
0.7045	4181.114276
0.705	4278.853501
0.7055	4409.172424
0.706	4528.631463
0.7065	4528.631463
0.707	4409.172424
0.7075	4289.713386
0.708	4267.993572
0.7085	4278.853501
0.709	4278.853501
0.7095	4354.872869
0.71	4430.892282
0.7105	4485.191837
0.711	4420.032353
0.7115	4333.153056
0.712	4322.293127
0.7125	4387.452611
0.713	4441.752166
0.7135	4430.892282
0.714	4420.032353
0.7145	4300.573314
0.715	4278.853501
0.7155	4311.433243
0.716	4441.752166
0.7165	4582.931018
0.717	4528.631463
0.7175	4322.293127
0.718	4148.534534
0.7185	4181.114276
0.719	4289.713386
0.7195	4409.172424
0.72	4376.592682
0.7205	4354.872869
0.721	4365.732798
0.7215	4354.872869
0.722	4311.433243
0.7225	4246.273759
0.723	4278.853501
0.7235	4398.31254
0.724	4485.191837
0.7245	4463.471979
0.725	4420.032353
0.7255	4344.012985
0.726	4344.012985
0.7265	4344.012985
0.727	4398.31254
0.7275	4496.051721
0.728	4550.351276
0.7285	4474.331908
0.729	4235.413831
0.7295	4094.234979
0.73	4213.694017
0.7305	4539.491392
0.731	4713.249986
0.7315	4572.071134
0.732	4278.853501
0.7325	4050.795352
0.733	4029.075495
0.7335	4235.413831
0.734	4539.491392
0.7345	4713.249986
0.735	4626.370689
0.7355	4344.012985
0.736	4148.534534
0.7365	4029.075495
0.737	4126.814721
0.7375	4365.732798
0.738	4680.670244
0.7385	4810.989167
0.739	4593.790947
0.7395	4224.553946
0.74	4007.355682
0.7405	4126.814721
0.741	4398.31254
0.7415	4637.230573
0.742	4713.249986
0.7425	4658.950431
0.743	4463.471979
0.7435	4224.553946
0.744	4159.394462
0.7445	4300.573314
0.745	4604.650876
0.7455	4843.568909
0.746	4843.568909
0.7465	4626.370689
0.747	4322.293127
0.7475	4202.834089
0.748	4322.293127
0.7485	4593.790947
0.749	4767.549541
0.7495	4767.549541
0.75	4593.790947
0.7505	4344.012985
0.751	4235.413831
0.7515	4278.853501
0.752	4441.752166
0.7525	4550.351276
0.753	4561.211205
0.7535	4496.051721
0.754	4365.732798
0.7545	4257.133688
0.755	4257.133688
0.7555	4344.012985
0.756	4452.612095
0.7565	4517.771579
0.757	4474.331908
0.7575	4420.032353
0.758	4365.732798
0.7585	4398.31254
0.759	4376.592682
0.7595	4246.273759
0.76	4246.273759
0.7605	4376.592682
0.761	4593.790947
0.7615	4648.090502
0.762	4539.491392
0.7625	4365.732798
0.763	4246.273759
0.7635	4235.413831
0.764	4278.853501
0.7645	4441.752166
0.765	4561.211205
0.7655	4637.230573
0.766	4582.931018
0.7665	4387.452611
0.767	4246.273759
0.7675	4191.974204
0.768	4289.713386
0.7685	4517.771579
0.769	4626.370689
0.7695	4615.51076
0.77	4409.172424
0.7705	4235.413831
0.771	4202.834089
0.7715	4278.853501
0.772	4376.592682
0.7725	4409.172424
0.773	4485.191837
0.7735	4463.471979
0.774	4398.31254
0.7745	4311.433243
0.775	4267.993572
0.7755	4365.732798
0.776	4376.592682
0.7765	4430.892282
0.777	4409.172424
0.7775	4387.452611
0.778	4452.612095
0.7785	4430.892282
0.779	4441.752166
0.7795	4387.452611
0.78	4398.31254
0.7805	4409.172424
0.781	4496.051721
0.7815	4517.771579
0.782	4463.471979
0.7825	4376.592682
0.783	4344.012985
0.7835	4420.032353
0.784	4452.612095
0.7845	4506.91165
0.785	4506.91165
0.7855	4496.051721
0.786	4452.612095
0.7865	4409.172424
0.787	4409.172424
0.7875	4420.032353
0.788	4441.752166
0.7885	4441.752166
0.789	4474.331908
0.7895	4441.752166
0.79	4441.752166
0.7905	4409.172424
0.791	4420.032353
0.7915	4452.612095
0.792	4441.752166
0.7925	4430.892282
0.793	4409.172424
0.7935	4441.752166
0.794	4409.172424
0.7945	4387.452611
0.795	4354.872869
0.7955	4344.012985
0.796	4420.032353
0.7965	4430.892282
0.797	4452.612095
0.7975	4409.172424
0.798	4398.31254
0.7985	4344.012985
0.799	4311.433243
0.7995	4409.172424
0.8	4506.91165
0.8005	4506.91165
0.801	4474.331908
0.8015	4409.172424
0.802	4409.172424
0.8025	4452.612095
0.803	4506.91165
0.8035	4539.491392
0.804	4474.331908
0.8045	4474.331908
0.805	4452.612095
0.8055	4398.31254
0.806	4387.452611
0.8065	4409.172424
0.807	4474.331908
0.8075	4528.631463
0.808	4496.051721
0.8085	4387.452611
0.809	4322.293127
0.8095	4344.012985
0.81	4365.732798
0.8105	4409.172424
0.811	4474.331908
0.8115	4517.771579
0.812	4474.331908
0.8125	4387.452611
0.813	4267.993572
0.8135	4278.853501
0.814	4420.032353
0.8145	4604.650876
0.815	4648.090502
0.8155	4496.051721
0.816	4300.573314
0.8165	4257.133688
0.817	4344.012985
0.8175	4528.631463
0.818	4604.650876
0.8185	4593.790947
0.819	4496.051721
0.8195	4354.872869
0.82	4311.433243
0.8205	4365.732798
0.821	4485.191837
0.8215	4604.650876
0.822	4582.931018
0.8225	4485.191837
0.823	4333.153056
0.8235	4354.872869
0.824	4452.612095
0.8245	4539.491392
0.825	4593.790947
0.8255	4561.211205
0.826	4474.331908
0.8265	4398.31254
0.827	4387.452611
0.8275	4485.191837
0.828	4572.071134
0.8285	4615.51076
0.829	4582.931018
0.8295	4474.331908
0.83	4387.452611
0.8305	4387.452611
0.831	4496.051721
0.8315	4626.370689
0.832	4648.090502
0.8325	4572.071134
0.833	4420.032353
0.8335	4365.732798
0.834	4409.172424
0.8345	4474.331908
0.835	4539.491392
0.8355	4506.91165
0.836	4474.331908
0.8365	4441.752166
0.837	4452.612095
0.8375	4441.752166
0.838	4420.032353
0.8385	4409.172424
0.839	4387.452611
0.8395	4409.172424
0.84	4463.471979
0.8405	4474.331908
0.841	4430.892282
0.8415	4365.732798
0.842	4354.872869
0.8425	4354.872869
0.843	4409.172424
0.8435	4485.191837
0.844	4485.191837
0.8445	4398.31254
0.845	4333.153056
0.8455	4300.573314
0.846	4376.592682
0.8465	4441.752166
0.847	4539.491392
0.8475	4506.91165
0.848	4430.892282
0.8485	4398.31254
0.849	4322.293127
0.8495	4300.573314
0.85	4387.452611
0.8505	4463.471979
0.851	4550.351276
0.8515	4539.491392
0.852	4485.191837
0.8525	4344.012985
0.853	4278.853501
0.8535	4365.732798
0.854	4474.331908
0.8545	4517.771579
0.855	4420.032353
0.8555	4344.012985
0.856	4333.153056
0.8565	4409.172424
0.857	4506.91165
0.8575	4474.331908
0.858	4387.452611
0.8585	4322.293127
0.859	4354.872869
0.8595	4441.752166
0.86	4463.471979
0.8605	4485.191837
0.861	4441.752166
0.8615	4441.752166
0.862	4398.31254
0.8625	4376.592682
0.863	4333.153056
0.8635	4409.172424
0.864	4485.191837
0.8645	4452.612095
0.865	4409.172424
0.8655	4354.872869
0.866	4365.732798
0.8665	4387.452611
0.867	4398.31254
0.8675	4420.032353
0.868	4398.31254
0.8685	4409.172424
0.869	4376.592682
0.8695	4333.153056
0.87	4311.433243
0.8705	4322.293127
0.871	4311.433243
0.8715	4300.573314
0.872	4300.573314
0.8725	4311.433243
0.873	4300.573314
0.8735	4322.293127
0.874	4322.293127
0.8745	4365.732798
0.875	4409.172424
0.8755	4354.872869
0.876	4344.012985
0.8765	4344.012985
0.877	4365.732798
0.8775	4376.592682
0.878	4387.452611
0.8785	4300.573314
0.879	4267.993572
0.8795	4311.433243
0.88	4409.172424
0.8805	4463.471979
0.881	4430.892282
0.8815	4322.293127
0.882	4257.133688
0.8825	4246.273759
0.883	4333.153056
0.8835	4387.452611
0.884	4441.752166
0.8845	4430.892282
0.885	4344.012985
0.8855	4267.993572
0.886	4224.553946
0.8865	4333.153056
0.887	4463.471979
0.8875	4474.331908
0.888	4387.452611
0.8885	4278.853501
0.889	4278.853501
0.8895	4344.012985
0.89	4409.172424
0.8905	4441.752166
0.891	4409.172424
0.8915	4322.293127
0.892	4333.153056
0.8925	4300.573314
0.893	4387.452611
0.8935	4430.892282
0.894	4409.172424
0.8945	4365.732798
0.895	4322.293127
0.8955	4376.592682
0.896	4376.592682
0.8965	4387.452611
0.897	4387.452611
0.8975	4409.172424
0.898	4365.732798
0.8985	4354.872869
0.899	4376.592682
0.8995	4365.732798
0.9	4365.732798
0.9005	4311.433243
0.901	4322.293127
0.9015	4289.713386
0.902	4333.153056
0.9025	4354.872869
0.903	4365.732798
0.9035	4333.153056
0.904	4278.853501
0.9045	4278.853501
0.905	4311.433243
0.9055	4311.433243
0.906	4311.433243
0.9065	4246.273759
0.907	4224.553946
0.9075	4246.273759
0.908	4267.993572
0.9085	4289.713386
0.909	4300.573314
0.9095	4333.153056
0.91	4267.993572
0.9105	4202.834089
0.911	4159.394462
0.9115	4202.834089
0.912	4257.133688
0.9125	4278.853501
0.913	4267.993572
0.9135	4213.694017
0.914	4159.394462
0.9145	4148.534534
0.915	4202.834089
0.9155	4246.273759
0.916	4202.834089
0.9165	4148.534534
0.917	4050.795352
0.9175	4061.655237
0.918	4105.094907
0.9185	4170.254391
0.919	4159.394462
0.9195	4083.375094
0.92	4007.355682
0.9205	3920.476385
0.921	3953.056127
0.9215	4061.655237
0.922	4115.954792
0.9225	4018.215611
0.923	3877.036759
0.9235	3822.737204
0.924	3822.737204
0.9245	3953.056127
0.925	3974.77594
0.9255	3877.036759
0.926	3768.437604
0.9265	3746.717791
0.927	3779.297533
0.9275	3811.877275
0.928	3811.877275
0.9285	3735.857907
0.929	3692.418236
0.9295	3638.118681
0.93	3627.258752
0.9305	3648.97861
0.931	3659.838494
0.9315	3594.679011
0.932	3529.519571
0.9325	3496.939829
0.933	3551.239384
0.9335	3540.379456
0.934	3486.079901
0.9345	3410.060532
0.935	3344.901049
0.9355	3355.760977
0.936	3388.340719
0.9365	3388.340719
0.937	3334.04112
0.9375	3279.741565
0.938	3214.582126
0.9385	3182.002384
0.939	3171.142455
0.9395	3203.722197
0.94	3182.002384
0.9405	3149.422642
0.941	3095.123087
0.9415	3062.543345
0.942	3062.543345
0.9425	3051.683416
0.943	3040.823532
0.9435	3019.103674
0.944	2986.523932
0.9445	2932.224377
0.945	2921.364493
0.9455	2943.084306
0.946	2943.084306
0.9465	2877.924822
0.947	2812.765339
0.9475	2812.765339
0.948	2801.905454
0.9485	2780.185641
0.949	2758.465784
0.9495	2715.026157
0.95	2693.306344
0.9505	2660.726602
0.951	2639.006745
0.9515	2606.427047
0.952	2628.146861
0.9525	2617.286932
0.953	2552.127448
0.9535	2508.687822
0.954	2486.968009
0.9545	2443.528338
0.955	2443.528338
0.9555	2421.808525
0.956	2389.228783
0.9565	2410.948596
0.957	2378.368854
0.9575	2313.209415
0.958	2280.629673
0.9585	2324.069299
0.959	2334.929228
0.9595	2291.489557
0.96	2215.470189
0.9605	2172.030563
0.961	2182.890447
0.9615	2237.190002
0.962	2269.769744
0.9625	2248.049931
0.963	2128.590892
0.9635	1998.271969
0.964	1976.552112
0.9645	2019.991782
0.965	2096.011151
0.9655	2128.590892
0.966	2074.291337
0.9665	1965.692227
0.967	1857.093073
0.9675	1846.233189
0.968	1900.532744
0.9685	1976.552112
0.969	1943.97237
0.9695	1857.093073
0.97	1748.493963
0.9705	1748.493963
0.971	1770.213776
0.9715	1802.793518
0.972	1791.933634
0.9725	1726.77415
0.973	1672.474595
0.9735	1639.894853
0.974	1639.894853
0.9745	1683.334479
0.975	1694.194408
0.9755	1661.614666
0.976	1596.455182
0.9765	1542.155627
0.977	1574.735369
0.9775	1585.595298
0.978	1574.735369
0.9785	1553.015556
0.979	1542.155627
0.9795	1509.575886
0.98	1498.716001
0.9805	1476.996188
0.981	1466.136259
0.9815	1487.856072
0.982	1444.416446
0.9825	1400.976776
0.983	1357.537149
0.9835	1346.677221
0.984	1346.677221
0.9845	1357.537149
0.985	1357.537149
0.9855	1335.817292
0.986	1292.377666
0.9865	1292.377666
0.987	1248.937995
0.9875	1227.218182
0.988	1238.078111
0.9885	1238.078111
0.989	1194.63844
0.9895	1172.918627
0.99	1172.918627
0.9905	1194.63844
0.991	1194.63844
0.9915	1162.058698
0.992	1140.338885
0.9925	1118.619072
0.993	1086.03933
0.9935	1086.03933
0.994	1118.619072
0.9945	1107.759143
0.995	1075.179401
0.9955	1031.739775
0.996	1053.459588
0.9965	1031.739775
0.997	1064.319517
0.9975	1031.739775
0.998	988.3001043
0.9985	977.44022
0.999	944.8604781
0.9995	955.7204069
1	944.8604781
1.0005	923.140665
1.001	934.0005493
1.0015	901.4208074
1.002	857.9811812
1.0025	836.2613681
1.003	825.4014393
1.0035	825.4014393
1.004	836.2613681
1.0045	803.6816262
1.005	781.9618131
1.0055	771.1018843
1.006	760.2419555
1.0065	749.3820712
1.007	738.5221424
1.0075	738.5221424
1.008	705.9424006
1.0085	705.9424006
1.009	684.2225875
1.0095	684.2225875
1.01	695.0825162
1.0105	684.2225875
1.011	673.3626587
1.0115	651.6428456
1.012	608.2032194
1.0125	619.0631037
1.013	608.2032194
1.0135	619.0631037
1.014	619.0631037
1.0145	608.2032194
1.015	608.2032194
1.0155	597.3432906
1.016	597.3432906
1.0165	543.0437356
1.017	521.3239225
1.0175	499.6040649
1.018	510.4639937
1.0185	532.1838068
1.019	532.1838068
1.0195	521.3239225
1.02	510.4639937
1.0205	477.8842518
1.021	445.3045099
1.0215	434.4446256
1.022	423.5846968
1.0225	423.5846968
1.023	434.4446256
1.0235	445.3045099
1.024	445.3045099
1.0245	445.3045099
1.025	423.5846968
1.0255	412.724768
1.026	401.8648837
1.0265	391.0049549
1.027	391.0049549
1.0275	401.8648837
1.028	412.724768
1.0285	401.8648837
1.029	401.8648837
1.0295	401.8648837
1.03	380.1450261
1.0305	391.0049549
1.031	380.1450261
1.0315	369.2851418
1.032	358.4252131
1.0325	358.4252131
1.033	347.5653287
1.0335	336.7054
1.034	336.7054
1.0345	336.7054
1.035	347.5653287
1.0355	325.8454712
1.036	293.2657293
1.0365	282.405845
1.037	293.2657293
1.0375	271.5459162
1.038	271.5459162
1.0385	282.405845
1.039	293.2657293
1.0395	271.5459162
1.04	293.2657293
1.0405	282.405845
1.041	282.405845
1.0415	260.6860319
1.042	249.8261031
1.0425	249.8261031
1.043	238.9661743
1.0435	260.6860319
1.044	282.405845
1.0445	271.5459162
1.045	282.405845
1.0455	260.6860319
1.046	260.6860319
1.0465	228.10629
1.047	228.10629
1.0475	249.8261031
1.048	249.8261031
1.0485	238.9661743
1.049	228.10629
1.0495	217.2463612
1.05	217.2463612
1.0505	217.2463612
1.051	206.3864324
1.0515	206.3864324
1.052	162.9468062
1.0525	162.9468062
1.053	162.9468062
1.0535	162.9468062
1.054	162.9468062
1.0545	173.806735
1.055	162.9468062
1.0555	141.2269931
1.056	130.3670643
1.0565	119.5071355
1.057	141.2269931
1.0575	119.5071355
1.058	119.5071355
1.0585	130.3670643
1.059	119.5071355
1.0595	141.2269931
1.06	130.3670643
1.0605	141.2269931
1.061	130.3670643
1.0615	108.6472512
1.062	76.06750933
1.0625	108.6472512
1.063	108.6472512
1.0635	97.78732243
1.064	119.5071355
1.0645	97.78732243
1.065	97.78732243
1.0655	97.78732243
1.066	86.92743812
1.0665	86.92743812
1.067	76.06750933
1.0675	65.20758054
1.068	65.20758054
1.0685	0
