tof posE posN posU tgtE tgtN tgtU alpha beta lethality
0.0100000000 0.0090630779 0.0000000000 0.0042261826 3000.0000000000 0.0000000000 3000.0000000000 0.0537948883 0.0000000000 FLYING
0.0200000000 0.0243979527 0.0000000000 0.0103962912 3000.0000000000 0.0000000000 3000.0000000000 0.0302791664 0.0000000000 FLYING
0.0300000000 0.0526003976 0.0000000000 0.0207632215 3000.0000000000 0.0000000000 3000.0000000000 0.0181958964 0.0000000000 FLYING
0.0400000000 0.1003706401 0.0000000000 0.0373428485 3000.0000000000 0.0000000000 3000.0000000000 0.0118467287 0.0000000000 FLYING
0.0500000000 0.1744548473 0.0000000000 0.0620758735 3000.0000000000 0.0000000000 3000.0000000000 0.0109349982 0.0000000000 FLYING
0.0600000000 0.2551832593 0.0000000000 0.0880494430 3000.0000000000 0.0000000000 3000.0000000000 0.0077787590 0.0000000000 FLYING
0.0700000000 0.3692861055 0.0000000000 0.1237838749 3000.0000000000 0.0000000000 3000.0000000000 0.0060122363 0.0000000000 FLYING
0.0800000000 0.5170090269 0.0000000000 0.1690739210 3000.0000000000 0.0000000000 3000.0000000000 0.0048833191 0.0000000000 FLYING
0.0900000000 0.6985780683 0.0000000000 0.2237722150 3000.0000000000 0.0000000000 3000.0000000000 0.0040968156 0.0000000000 FLYING
0.1000000000 0.9142070123 0.0000000000 0.2877687903 3000.0000000000 0.0000000000 3000.0000000000 0.0035154076 0.0000000000 FLYING
0.1100000000 1.1641012412 0.0000000000 0.3609801010 3000.0000000000 0.0000000000 3000.0000000000 0.0030665425 0.0000000000 FLYING
0.1200000000 1.4484600114 0.0000000000 0.4433424649 3000.0000000000 0.0000000000 3000.0000000000 0.0027082723 0.0000000000 FLYING
0.1300000000 1.7674779007 0.0000000000 0.5348078422 3000.0000000000 0.0000000000 3000.0000000000 0.0024146538 0.0000000000 FLYING
0.1400000000 2.1213457837 0.0000000000 0.6353409651 3000.0000000000 0.0000000000 3000.0000000000 0.0021687792 0.0000000000 FLYING
0.1500000000 2.5102515176 0.0000000000 0.7449173008 3000.0000000000 0.0000000000 3000.0000000000 0.0019591570 0.0000000000 FLYING
0.1600000000 2.9343804421 0.0000000000 0.8635215586 3000.0000000000 0.0000000000 3000.0000000000 0.0017777043 0.0000000000 FLYING
0.1700000000 3.3939157523 0.0000000000 0.9911465647 3000.0000000000 0.0000000000 3000.0000000000 0.0016185695 0.0000000000 FLYING
0.1800000000 3.8890387856 0.0000000000 1.1277923981 3000.0000000000 0.0000000000 3000.0000000000 0.0014774127 0.0000000000 FLYING
0.1900000000 4.4199292438 0.0000000000 1.2734657119 3000.0000000000 0.0000000000 3000.0000000000 0.0013509467 0.0000000000 FLYING
0.2000000000 4.9867653693 0.0000000000 1.4281791948 3000.0000000000 0.0000000000 3000.0000000000 0.0012366365 0.0000000000 FLYING
0.2100000000 5.5897240866 0.0000000000 1.5919511372 3000.0000000000 0.0000000000 3000.0000000000 0.0011324954 0.0000000000 FLYING
0.2200000000 6.2289811161 0.0000000000 1.7648050780 3000.0000000000 0.0000000000 3000.0000000000 0.0010369449 0.0000000000 FLYING
0.2300000000 6.9047110672 0.0000000000 1.9467695151 3000.0000000000 0.0000000000 3000.0000000000 0.0009487147 0.0000000000 FLYING
0.2400000000 7.6170875148 0.0000000000 2.1378776652 3000.0000000000 0.0000000000 3000.0000000000 0.0008667711 0.0000000000 FLYING
0.2500000000 8.3662830621 0.0000000000 2.3381672653 3000.0000000000 0.0000000000 3000.0000000000 0.0007902645 0.0000000000 FLYING
0.2600000000 9.1524693923 0.0000000000 2.5476804058 3000.0000000000 0.0000000000 3000.0000000000 0.0007184902 0.0000000000 FLYING
0.2700000000 9.9758173121 0.0000000000 2.7664633906 3000.0000000000 0.0000000000 3000.0000000000 0.0006508626 0.0000000000 FLYING
0.2800000000 10.8364913246 0.0000000000 2.9945651690 3000.0000000000 0.0000000000 3000.0000000000 0.0005869207 0.0000000000 FLYING
0.2900000000 11.7346059529 0.0000000000 3.2320256592 3000.0000000000 0.0000000000 3000.0000000000 0.0005262781 0.0000000000 FLYING
0.3000000000 12.6702749341 0.0000000000 3.4788887052 3000.0000000000 0.0000000000 3000.0000000000 0.0004685636 0.0000000000 FLYING
0.3100000000 13.6436112442 0.0000000000 3.7352019875 3000.0000000000 0.0000000000 3000.0000000000 0.0004134590 0.0000000000 FLYING
0.3200000000 14.6547271196 0.0000000000 4.0010169461 3000.0000000000 0.0000000000 3000.0000000000 0.0003606903 0.0000000000 FLYING
0.3300000000 15.7037340741 0.0000000000 4.2763887136 3000.0000000000 0.0000000000 3000.0000000000 0.0003100200 0.0000000000 FLYING
0.3400000000 16.7907429137 0.0000000000 4.5613760581 3000.0000000000 0.0000000000 3000.0000000000 0.0002612414 0.0000000000 FLYING
0.3500000000 17.9158637475 0.0000000000 4.8560413327 3000.0000000000 0.0000000000 3000.0000000000 0.0002141739 0.0000000000 FLYING
0.3600000000 19.0792059975 0.0000000000 5.1604504324 3000.0000000000 0.0000000000 3000.0000000000 0.0001686586 0.0000000000 FLYING
0.3700000000 20.2808784050 0.0000000000 5.4746727567 3000.0000000000 0.0000000000 3000.0000000000 0.0001245559 0.0000000000 FLYING
0.3800000000 21.5209890356 0.0000000000 5.7987811769 3000.0000000000 0.0000000000 3000.0000000000 0.0000817418 0.0000000000 FLYING
0.3900000000 22.7996452824 0.0000000000 6.1328520085 3000.0000000000 0.0000000000 3000.0000000000 0.0000401066 0.0000000000 FLYING
0.4000000000 24.1169538679 0.0000000000 6.4769649866 3000.0000000000 0.0000000000 3000.0000000000 -0.0000004477 0.0000000000 FLYING
0.4100000000 25.4730208437 0.0000000000 6.8312032456 3000.0000000000 0.0000000000 3000.0000000000 -0.0000400085 0.0000000000 FLYING
0.4200000000 26.8679515899 0.0000000000 7.1956533014 3000.0000000000 0.0000000000 3000.0000000000 -0.0000786542 0.0000000000 FLYING
0.4300000000 28.3018508317 0.0000000000 7.5704050416 3000.0000000000 0.0000000000 3000.0000000000 -0.0001164551 0.0000000000 FLYING
0.4400000000 29.7748226186 0.0000000000 7.9555517078 3000.0000000000 0.0000000000 3000.0000000000 -0.0001534746 0.0000000000 FLYING
0.4500000000 31.2869703197 0.0000000000 8.3511898857 3000.0000000000 0.0000000000 3000.0000000000 -0.0001897700 0.0000000000 FLYING
0.4600000000 32.8383966181 0.0000000000 8.7574194961 3000.0000000000 0.0000000000 3000.0000000000 -0.0002253930 0.0000000000 FLYING
0.4700000000 34.4292035050 0.0000000000 9.1743437877 3000.0000000000 0.0000000000 3000.0000000000 -0.0002603907 0.0000000000 FLYING
0.4800000000 36.0594922720 0.0000000000 9.6020693317 3000.0000000000 0.0000000000 3000.0000000000 -0.0002948056 0.0000000000 FLYING
0.4900000000 37.7293635036 0.0000000000 10.0407060177 3000.0000000000 0.0000000000 3000.0000000000 -0.0003286766 0.0000000000 FLYING
0.5000000000 39.4389170680 0.0000000000 10.4903670500 3000.0000000000 0.0000000000 3000.0000000000 -0.0003620391 0.0000000000 FLYING
0.5100000000 41.1882521080 0.0000000000 10.9511689461 3000.0000000000 0.0000000000 3000.0000000000 -0.0003949255 0.0000000000 FLYING
0.5200000000 42.9774670304 0.0000000000 11.4232315349 3000.0000000000 0.0000000000 3000.0000000000 -0.0004273653 0.0000000000 FLYING
0.5300000000 44.8066594955 0.0000000000 11.9066779566 3000.0000000000 0.0000000000 3000.0000000000 -0.0004593857 0.0000000000 FLYING
0.5400000000 46.6759264057 0.0000000000 12.4016346626 3000.0000000000 0.0000000000 3000.0000000000 -0.0004910141 0.0000000000 FLYING
0.5500000000 48.5853533091 0.0000000000 12.9082286139 3000.0000000000 0.0000000000 3000.0000000000 -0.0005222740 0.0000000000 FLYING
0.5600000000 50.5349825566 0.0000000000 13.4265787975 3000.0000000000 0.0000000000 3000.0000000000 -0.0005531441 0.0000000000 FLYING
0.5700000000 52.5248556004 0.0000000000 13.9568073106 3000.0000000000 0.0000000000 3000.0000000000 -0.0005836424 0.0000000000 FLYING
0.5800000000 54.5550108175 0.0000000000 14.4990387643 3000.0000000000 0.0000000000 3000.0000000000 -0.0006137844 0.0000000000 FLYING
0.5900000000 56.6254823187 0.0000000000 15.0533999430 3000.0000000000 0.0000000000 3000.0000000000 -0.0006435889 0.0000000000 FLYING
0.6000000000 58.7363028221 0.0000000000 15.6200205597 3000.0000000000 0.0000000000 3000.0000000000 -0.0006730715 0.0000000000 FLYING
0.6100000000 60.8875036258 0.0000000000 16.1990332367 3000.0000000000 0.0000000000 3000.0000000000 -0.0007022470 0.0000000000 FLYING
0.6200000000 63.0791145794 0.0000000000 16.7905734873 3000.0000000000 0.0000000000 3000.0000000000 -0.0007311288 0.0000000000 FLYING
0.6300000000 65.3111640551 0.0000000000 17.3947796963 3000.0000000000 0.0000000000 3000.0000000000 -0.0007597294 0.0000000000 FLYING
0.6400000000 67.5836789189 0.0000000000 18.0117931008 3000.0000000000 0.0000000000 3000.0000000000 -0.0007880600 0.0000000000 FLYING
0.6500000000 69.8966845000 0.0000000000 18.6417577710 3000.0000000000 0.0000000000 3000.0000000000 -0.0008161314 0.0000000000 FLYING
0.6600000000 72.2502045614 0.0000000000 19.2848205900 3000.0000000000 0.0000000000 3000.0000000000 -0.0008439533 0.0000000000 FLYING
0.6700000000 74.6442612683 0.0000000000 19.9411312339 3000.0000000000 0.0000000000 3000.0000000000 -0.0008715346 0.0000000000 FLYING
0.6800000000 77.0788751576 0.0000000000 20.6108421512 3000.0000000000 0.0000000000 3000.0000000000 -0.0008988836 0.0000000000 FLYING
0.6900000000 79.5540651061 0.0000000000 21.2941085418 3000.0000000000 0.0000000000 3000.0000000000 -0.0009260081 0.0000000000 FLYING
0.7000000000 82.0698482983 0.0000000000 21.9910883355 3000.0000000000 0.0000000000 3000.0000000000 -0.0009529150 0.0000000000 FLYING
0.7100000000 84.6262401942 0.0000000000 22.7019421703 3000.0000000000 0.0000000000 3000.0000000000 -0.0009796110 0.0000000000 FLYING
0.7200000000 87.2232544967 0.0000000000 23.4268333697 3000.0000000000 0.0000000000 3000.0000000000 -0.0010061020 0.0000000000 FLYING
0.7300000000 89.8609031182 0.0000000000 24.1659279199 3000.0000000000 0.0000000000 3000.0000000000 -0.0010323936 0.0000000000 FLYING
0.7400000000 92.5391961475 0.0000000000 24.9193944461 3000.0000000000 0.0000000000 3000.0000000000 -0.0010584909 0.0000000000 FLYING
0.7500000000 95.2581418158 0.0000000000 25.6874041883 3000.0000000000 0.0000000000 3000.0000000000 -0.0010843986 0.0000000000 FLYING
0.7600000000 98.0177464629 0.0000000000 26.4701309765 3000.0000000000 0.0000000000 3000.0000000000 -0.0011101210 0.0000000000 FLYING
0.7700000000 100.8180145030 0.0000000000 27.2677512051 3000.0000000000 0.0000000000 3000.0000000000 -0.0011356527 0.0000000000 FLYING
0.7800000000 103.6589440750 0.0000000000 28.0804425434 3000.0000000000 0.0000000000 3000.0000000000 -0.0011609910 0.0000000000 FLYING
0.7900000000 106.5405254339 0.0000000000 28.9083834137 3000.0000000000 0.0000000000 3000.0000000000 -0.0011861469 0.0000000000 FLYING
0.8000000000 109.4627461839 0.0000000000 29.7517544735 3000.0000000000 0.0000000000 3000.0000000000 -0.0012111231 0.0000000000 FLYING
0.8100000000 112.4255912283 0.0000000000 30.6107385764 3000.0000000000 0.0000000000 3000.0000000000 -0.0012359279 0.0000000000 FLYING
0.8200000000 115.4290298839 0.0000000000 31.4855170101 3000.0000000000 0.0000000000 3000.0000000000 -0.0012605636 0.0000000000 FLYING
0.8300000000 118.4729986601 0.0000000000 32.3762643615 3000.0000000000 0.0000000000 3000.0000000000 -0.0012850000 0.0000000000 FLYING
0.8400000000 121.5574311835 0.0000000000 33.2831570097 3000.0000000000 0.0000000000 3000.0000000000 -0.0013092396 0.0000000000 FLYING
0.8500000000 124.6822581574 0.0000000000 34.2063730745 3000.0000000000 0.0000000000 3000.0000000000 -0.0013331989 0.0000000000 FLYING
0.8600000000 127.8474074214 0.0000000000 35.1460920981 3000.0000000000 0.0000000000 3000.0000000000 -0.0013568983 0.0000000000 FLYING
0.8700000000 131.0528038962 0.0000000000 36.1024950368 3000.0000000000 0.0000000000 3000.0000000000 -0.0013803969 0.0000000000 FLYING
0.8800000000 134.2983694820 0.0000000000 37.0757643784 3000.0000000000 0.0000000000 3000.0000000000 -0.0014036955 0.0000000000 FLYING
0.8900000000 137.5840230213 0.0000000000 38.0660840823 3000.0000000000 0.0000000000 3000.0000000000 -0.0014267949 0.0000000000 FLYING
0.9000000000 140.9096802634 0.0000000000 39.0736395208 3000.0000000000 0.0000000000 3000.0000000000 -0.0014496959 0.0000000000 FLYING
0.9100000000 144.2752538280 0.0000000000 40.0986174187 3000.0000000000 0.0000000000 3000.0000000000 -0.0014723992 0.0000000000 FLYING
0.9200000000 147.6806531703 0.0000000000 41.1412057925 3000.0000000000 0.0000000000 3000.0000000000 -0.0014949053 0.0000000000 FLYING
0.9300000000 151.1257845470 0.0000000000 42.2015938885 3000.0000000000 0.0000000000 3000.0000000000 -0.0015174541 0.0000000000 FLYING
0.9400000000 154.6105768773 0.0000000000 43.2799810482 3000.0000000000 0.0000000000 3000.0000000000 -0.0015399239 0.0000000000 FLYING
0.9500000000 158.1349669276 0.0000000000 44.3765717926 3000.0000000000 0.0000000000 3000.0000000000 -0.0015622360 0.0000000000 FLYING
0.9600000000 161.6988898737 0.0000000000 45.4915726098 3000.0000000000 0.0000000000 3000.0000000000 -0.0015843922 0.0000000000 FLYING
0.9700000000 165.3022792900 0.0000000000 46.6251919273 3000.0000000000 0.0000000000 3000.0000000000 -0.0016063934 0.0000000000 FLYING
0.9800000000 168.9450671409 0.0000000000 47.7776400822 3000.0000000000 0.0000000000 3000.0000000000 -0.0016282403 0.0000000000 FLYING
0.9900000000 172.6271837711 0.0000000000 48.9491292910 3000.0000000000 0.0000000000 3000.0000000000 -0.0016499338 0.0000000000 FLYING
1.0000000000 176.3485578967 0.0000000000 50.1398736187 3000.0000000000 0.0000000000 3000.0000000000 -0.0016714743 0.0000000000 FLYING
1.0100000000 180.1091165965 0.0000000000 51.3500889476 3000.0000000000 0.0000000000 3000.0000000000 -0.0016928625 0.0000000000 FLYING
1.0200000000 183.9087853031 0.0000000000 52.5799929463 3000.0000000000 0.0000000000 3000.0000000000 -0.0017140988 0.0000000000 FLYING
1.0300000000 187.7474877944 0.0000000000 53.8298050382 3000.0000000000 0.0000000000 3000.0000000000 -0.0017351836 0.0000000000 FLYING
1.0400000000 191.6251461851 0.0000000000 55.0997463691 3000.0000000000 0.0000000000 3000.0000000000 -0.0017561172 0.0000000000 FLYING
1.0500000000 195.5416809187 0.0000000000 56.3900397754 3000.0000000000 0.0000000000 3000.0000000000 -0.0017769559 0.0000000000 FLYING
1.0600000000 199.4970109172 0.0000000000 57.7009100500 3000.0000000000 0.0000000000 3000.0000000000 -0.0017976506 0.0000000000 FLYING
1.0700000000 203.4910534289 0.0000000000 59.0325836541 3000.0000000000 0.0000000000 3000.0000000000 -0.0018181975 0.0000000000 FLYING
1.0800000000 207.5237240060 0.0000000000 60.3852886633 3000.0000000000 0.0000000000 3000.0000000000 -0.0018385962 0.0000000000 FLYING
1.0900000000 211.5949357473 0.0000000000 61.7592544797 3000.0000000000 0.0000000000 3000.0000000000 -0.0018588460 0.0000000000 FLYING
1.1000000000 215.7045989158 0.0000000000 63.1547116614 3000.0000000000 0.0000000000 3000.0000000000 -0.0018789473 0.0000000000 FLYING
1.1100000000 219.8526220572 0.0000000000 64.5718922653 3000.0000000000 0.0000000000 3000.0000000000 -0.0018988998 0.0000000000 FLYING
1.1200000000 224.0389119928 0.0000000000 66.0110298129 3000.0000000000 0.0000000000 3000.0000000000 -0.0019187037 0.0000000000 FLYING
1.1300000000 228.2633738130 0.0000000000 67.4723592563 3000.0000000000 0.0000000000 3000.0000000000 -0.0019383587 0.0000000000 FLYING
1.1400000000 232.5259108702 0.0000000000 68.9561169431 3000.0000000000 0.0000000000 3000.0000000000 -0.0019578648 0.0000000000 FLYING
1.1500000000 236.8264247731 0.0000000000 70.4625405819 3000.0000000000 0.0000000000 3000.0000000000 -0.0019772218 0.0000000000 FLYING
1.1600000000 241.1648153804 0.0000000000 71.9918692070 3000.0000000000 0.0000000000 3000.0000000000 -0.0019964294 0.0000000000 FLYING
1.1700000000 245.5409807952 0.0000000000 73.5443431429 3000.0000000000 0.0000000000 3000.0000000000 -0.0020154874 0.0000000000 FLYING
1.1800000000 249.9548173594 0.0000000000 75.1202039688 3000.0000000000 0.0000000000 3000.0000000000 -0.0020343954 0.0000000000 FLYING
1.1900000000 254.4062196489 0.0000000000 76.7196944825 3000.0000000000 0.0000000000 3000.0000000000 -0.0020531533 0.0000000000 FLYING
1.2000000000 258.8950804686 0.0000000000 78.3430586644 3000.0000000000 0.0000000000 3000.0000000000 -0.0020717606 0.0000000000 FLYING
1.2100000000 263.4212908477 0.0000000000 79.9905416407 3000.0000000000 0.0000000000 3000.0000000000 -0.0020902170 0.0000000000 FLYING
1.2200000000 267.9847400360 0.0000000000 81.6623896470 3000.0000000000 0.0000000000 3000.0000000000 -0.0021085220 0.0000000000 FLYING
1.2300000000 272.5853154999 0.0000000000 83.3588499912 3000.0000000000 0.0000000000 3000.0000000000 -0.0021266753 0.0000000000 FLYING
1.2400000000 277.2229029187 0.0000000000 85.0801710165 3000.0000000000 0.0000000000 3000.0000000000 -0.0021446763 0.0000000000 FLYING
1.2500000000 281.8973861817 0.0000000000 86.8266020638 3000.0000000000 0.0000000000 3000.0000000000 -0.0021625247 0.0000000000 FLYING
1.2600000000 286.6086473855 0.0000000000 88.5983934343 3000.0000000000 0.0000000000 3000.0000000000 -0.0021802199 0.0000000000 FLYING
1.2700000000 291.3565668317 0.0000000000 90.3957963511 3000.0000000000 0.0000000000 3000.0000000000 -0.0021977615 0.0000000000 FLYING
1.2800000000 296.1410230244 0.0000000000 92.2190629221 3000.0000000000 0.0000000000 3000.0000000000 -0.0022151488 0.0000000000 FLYING
1.2900000000 300.9618926693 0.0000000000 94.0684461006 3000.0000000000 0.0000000000 3000.0000000000 -0.0022323814 0.0000000000 FLYING
1.3000000000 305.8190506721 0.0000000000 95.9441996478 3000.0000000000 0.0000000000 3000.0000000000 -0.0022494586 0.0000000000 FLYING
1.3100000000 310.7123701379 0.0000000000 97.8465780936 3000.0000000000 0.0000000000 3000.0000000000 -0.0022663799 0.0000000000 FLYING
1.3200000000 315.6417223705 0.0000000000 99.7758366976 3000.0000000000 0.0000000000 3000.0000000000 -0.0022831448 0.0000000000 FLYING
1.3300000000 320.6069768729 0.0000000000 101.7322314107 3000.0000000000 0.0000000000 3000.0000000000 -0.0022997525 0.0000000000 FLYING
1.3400000000 325.6080013476 0.0000000000 103.7160188353 3000.0000000000 0.0000000000 3000.0000000000 -0.0023162024 0.0000000000 FLYING
1.3500000000 330.6446616976 0.0000000000 105.7274561860 3000.0000000000 0.0000000000 3000.0000000000 -0.0023324949 0.0000000000 FLYING
1.3600000000 335.7168215929 0.0000000000 107.7668010810 3000.0000000000 0.0000000000 3000.0000000000 -0.0023485457 0.0000000000 FLYING
1.3700000000 340.8243384230 0.0000000000 109.8343093614 3000.0000000000 0.0000000000 3000.0000000000 -0.0023643505 0.0000000000 FLYING
1.3800000000 345.9670636738 0.0000000000 111.9302351152 3000.0000000000 0.0000000000 3000.0000000000 -0.0023799863 0.0000000000 FLYING
1.3900000000 351.1448468156 0.0000000000 114.0548326377 3000.0000000000 0.0000000000 3000.0000000000 -0.0023954515 0.0000000000 FLYING
1.4000000000 356.3575353072 0.0000000000 116.2083563790 3000.0000000000 0.0000000000 3000.0000000000 -0.0024107451 0.0000000000 FLYING
1.4100000000 361.6049745999 0.0000000000 118.3910608974 3000.0000000000 0.0000000000 3000.0000000000 -0.0024258665 0.0000000000 FLYING
1.4200000000 366.8870081410 0.0000000000 120.6032008119 3000.0000000000 0.0000000000 3000.0000000000 -0.0024408149 0.0000000000 FLYING
1.4300000000 372.2034773785 0.0000000000 122.8450307552 3000.0000000000 0.0000000000 3000.0000000000 -0.0024555893 0.0000000000 FLYING
1.4400000000 377.5542217664 0.0000000000 125.1168053260 3000.0000000000 0.0000000000 3000.0000000000 -0.0024701891 0.0000000000 FLYING
1.4500000000 382.9390787701 0.0000000000 127.4187790412 3000.0000000000 0.0000000000 3000.0000000000 -0.0024846135 0.0000000000 FLYING
1.4600000000 388.3578838727 0.0000000000 129.7512062888 3000.0000000000 0.0000000000 3000.0000000000 -0.0024988616 0.0000000000 FLYING
1.4700000000 393.8104705822 0.0000000000 132.1143412792 3000.0000000000 0.0000000000 3000.0000000000 -0.0025129326 0.0000000000 FLYING
1.4800000000 399.2966704388 0.0000000000 134.5084379981 3000.0000000000 0.0000000000 3000.0000000000 -0.0025268257 0.0000000000 FLYING
1.4900000000 404.8163130230 0.0000000000 136.9337501578 3000.0000000000 0.0000000000 3000.0000000000 -0.0025405401 0.0000000000 FLYING
1.5000000000 410.3692259646 0.0000000000 139.3905311497 3000.0000000000 0.0000000000 3000.0000000000 -0.0025540750 0.0000000000 FLYING
1.5100000000 415.9552349520 0.0000000000 141.8790339953 3000.0000000000 0.0000000000 3000.0000000000 -0.0025674296 0.0000000000 FLYING
1.5200000000 421.5741637421 0.0000000000 144.3995112990 3000.0000000000 0.0000000000 3000.0000000000 -0.0025806030 0.0000000000 FLYING
1.5300000000 427.2258341714 0.0000000000 146.9522151990 3000.0000000000 0.0000000000 3000.0000000000 -0.0025935945 0.0000000000 FLYING
1.5400000000 432.9100661667 0.0000000000 149.5373973193 3000.0000000000 0.0000000000 3000.0000000000 -0.0026064032 0.0000000000 FLYING
1.5500000000 438.6266777577 0.0000000000 152.1553087217 3000.0000000000 0.0000000000 3000.0000000000 -0.0026190284 0.0000000000 FLYING
1.5600000000 444.3754850895 0.0000000000 154.8061998567 3000.0000000000 0.0000000000 3000.0000000000 -0.0026314692 0.0000000000 FLYING
1.5700000000 450.1563024354 0.0000000000 157.4903205162 3000.0000000000 0.0000000000 3000.0000000000 -0.0026437248 0.0000000000 FLYING
1.5800000000 455.9689422118 0.0000000000 160.2079197844 3000.0000000000 0.0000000000 3000.0000000000 -0.0026557945 0.0000000000 FLYING
1.5900000000 461.8132149919 0.0000000000 162.9592459899 3000.0000000000 0.0000000000 3000.0000000000 -0.0026676773 0.0000000000 FLYING
1.6000000000 467.6889295215 0.0000000000 165.7445466575 3000.0000000000 0.0000000000 3000.0000000000 -0.0026793727 0.0000000000 FLYING
1.6100000000 473.5958927350 0.0000000000 168.5640684600 3000.0000000000 0.0000000000 3000.0000000000 -0.0026908797 0.0000000000 FLYING
1.6200000000 479.5339097719 0.0000000000 171.4180571700 3000.0000000000 0.0000000000 3000.0000000000 -0.0027021997 0.0000000000 FLYING
1.6300000000 485.5027821306 0.0000000000 174.3067567265 3000.0000000000 0.0000000000 3000.0000000000 -0.0027133303 0.0000000000 FLYING
1.6400000000 491.5023083152 0.0000000000 177.2304094559 3000.0000000000 0.0000000000 3000.0000000000 -0.0027242687 0.0000000000 FLYING
1.6500000000 497.5322851018 0.0000000000 180.1892566045 3000.0000000000 0.0000000000 3000.0000000000 -0.0027350142 0.0000000000 FLYING
1.6600000000 503.5925075589 0.0000000000 183.1835382912 3000.0000000000 0.0000000000 3000.0000000000 -0.0027455660 0.0000000000 FLYING
1.6700000000 509.6827690673 0.0000000000 186.2134934594 3000.0000000000 0.0000000000 3000.0000000000 -0.0027559233 0.0000000000 FLYING
1.6800000000 515.8028613420 0.0000000000 189.2793598299 3000.0000000000 0.0000000000 3000.0000000000 -0.0027660276 0.0000000000 FLYING
1.6900000000 521.9525744420 0.0000000000 192.3813734003 3000.0000000000 0.0000000000 3000.0000000000 -0.0027759304 0.0000000000 FLYING
1.7000000000 528.1316968065 0.0000000000 195.5197687979 3000.0000000000 0.0000000000 3000.0000000000 -0.0027856355 0.0000000000 FLYING
1.7100000000 534.3400152824 0.0000000000 198.6947792693 3000.0000000000 0.0000000000 3000.0000000000 -0.0027951424 0.0000000000 FLYING
1.7200000000 540.5773151487 0.0000000000 201.9066366333 3000.0000000000 0.0000000000 3000.0000000000 -0.0028044502 0.0000000000 FLYING
1.7300000000 546.8433801415 0.0000000000 205.1555712344 3000.0000000000 0.0000000000 3000.0000000000 -0.0028135583 0.0000000000 FLYING
1.7400000000 553.1379924794 0.0000000000 208.4418118969 3000.0000000000 0.0000000000 3000.0000000000 -0.0028224660 0.0000000000 FLYING
1.7500000000 559.4609328900 0.0000000000 211.7655858789 3000.0000000000 0.0000000000 3000.0000000000 -0.0028311728 0.0000000000 FLYING
1.7600000000 565.8119806366 0.0000000000 215.1271188264 3000.0000000000 0.0000000000 3000.0000000000 -0.0028396779 0.0000000000 FLYING
1.7700000000 572.1909135456 0.0000000000 218.5266347284 3000.0000000000 0.0000000000 3000.0000000000 -0.0028479808 0.0000000000 FLYING
1.7800000000 578.5975080352 0.0000000000 221.9643558716 3000.0000000000 0.0000000000 3000.0000000000 -0.0028560809 0.0000000000 FLYING
1.7900000000 585.0315391438 0.0000000000 225.4405027960 3000.0000000000 0.0000000000 3000.0000000000 -0.0028639775 0.0000000000 FLYING
1.8000000000 591.4927805599 0.0000000000 228.9552942503 3000.0000000000 0.0000000000 3000.0000000000 -0.0028716700 0.0000000000 FLYING
1.8100000000 597.9810046518 0.0000000000 232.5089471484 3000.0000000000 0.0000000000 3000.0000000000 -0.0028791580 0.0000000000 FLYING
1.8200000000 604.4959824991 0.0000000000 236.1016765252 3000.0000000000 0.0000000000 3000.0000000000 -0.0028864408 0.0000000000 FLYING
1.8300000000 611.0374839233 0.0000000000 239.7336954941 3000.0000000000 0.0000000000 3000.0000000000 -0.0028935179 0.0000000000 FLYING
1.8400000000 617.6052775207 0.0000000000 243.4052152037 3000.0000000000 0.0000000000 3000.0000000000 -0.0029003888 0.0000000000 FLYING
1.8500000000 624.1991306944 0.0000000000 247.1164447956 3000.0000000000 0.0000000000 3000.0000000000 -0.0029070528 0.0000000000 FLYING
1.8600000000 630.8188096881 0.0000000000 250.8675913623 3000.0000000000 0.0000000000 3000.0000000000 -0.0029135097 0.0000000000 FLYING
1.8700000000 637.4640796196 0.0000000000 254.6588599062 3000.0000000000 0.0000000000 3000.0000000000 -0.0029197587 0.0000000000 FLYING
1.8800000000 644.1347045158 0.0000000000 258.4904532978 3000.0000000000 0.0000000000 3000.0000000000 -0.0018255330 0.0000000000 FLYING
1.8900000000 650.8346861435 0.0000000000 262.3551926899 3000.0000000000 0.0000000000 3000.0000000000 -0.0018546139 0.0000000000 FLYING
1.9000000000 657.5637692836 0.0000000000 266.2533687748 3000.0000000000 0.0000000000 3000.0000000000 -0.0018638700 0.0000000000 FLYING
1.9100000000 664.3217738805 0.0000000000 270.1851405105 3000.0000000000 0.0000000000 3000.0000000000 -0.0018734101 0.0000000000 FLYING
1.9200000000 671.1085170982 0.0000000000 274.1506687871 3000.0000000000 0.0000000000 3000.0000000000 -0.0018828782 0.0000000000 FLYING
1.9300000000 677.9238147594 0.0000000000 278.1501140553 3000.0000000000 0.0000000000 3000.0000000000 -0.0018922801 0.0000000000 FLYING
1.9400000000 684.7674813273 0.0000000000 282.1836363431 3000.0000000000 0.0000000000 3000.0000000000 -0.0019016152 0.0000000000 FLYING
1.9500000000 691.6393299129 0.0000000000 286.2513952303 3000.0000000000 0.0000000000 3000.0000000000 -0.0019108827 -0.0000000000 FLYING
1.9600000000 698.5391722837 0.0000000000 290.3535498235 3000.0000000000 0.0000000000 3000.0000000000 -0.0019200822 0.0000000000 FLYING
1.9700000000 705.4668188711 0.0000000000 294.4902587315 3000.0000000000 0.0000000000 3000.0000000000 -0.0019292131 -0.0000000000 FLYING
1.9800000000 712.4220787790 0.0000000000 298.6616800394 3000.0000000000 0.0000000000 3000.0000000000 -0.0019382747 0.0000000000 FLYING
1.9900000000 719.4047597929 0.0000000000 302.8679712845 3000.0000000000 0.0000000000 3000.0000000000 -0.0019472664 -0.0000000000 FLYING
2.0000000000 726.4146683883 0.0000000000 307.1092894301 3000.0000000000 0.0000000000 3000.0000000000 -0.0019561614 0.0000000000 FLYING
2.0100000000 733.4516117258 0.0000000000 311.3857917944 3000.0000000000 0.0000000000 3000.0000000000 -0.0019649701 -0.0000000000 FLYING
2.0200000000 740.5153969028 0.0000000000 315.6976356843 3000.0000000000 0.0000000000 3000.0000000000 -0.0019737077 0.0000000000 FLYING
2.0300000000 747.6058297893 0.0000000000 320.0449778145 3000.0000000000 0.0000000000 3000.0000000000 -0.0019823732 -0.0000000000 FLYING
2.0400000000 754.7227150392 0.0000000000 324.4279742804 3000.0000000000 0.0000000000 3000.0000000000 -0.0019909661 0.0000000000 FLYING
2.0500000000 761.8658561009 0.0000000000 328.8467805342 3000.0000000000 0.0000000000 3000.0000000000 -0.0019994858 -0.0000000000 FLYING
2.0600000000 769.0350552272 0.0000000000 333.3015513600 3000.0000000000 0.0000000000 3000.0000000000 -0.0020079316 0.0000000000 FLYING
2.0700000000 776.2301134870 0.0000000000 337.7924408499 3000.0000000000 0.0000000000 3000.0000000000 -0.0020163029 -0.0000000000 FLYING
2.0800000000 783.4508307762 0.0000000000 342.3196023791 3000.0000000000 0.0000000000 3000.0000000000 -0.0020245991 0.0000000000 FLYING
2.0900000000 790.6970058291 0.0000000000 346.8831885813 3000.0000000000 0.0000000000 3000.0000000000 -0.0020328196 -0.0000000000 FLYING
2.1000000000 797.9684362307 0.0000000000 351.4833513248 3000.0000000000 0.0000000000 3000.0000000000 -0.0020409639 0.0000000000 FLYING
2.1100000000 805.2649184284 0.0000000000 356.1202416872 3000.0000000000 0.0000000000 3000.0000000000 -0.0020490311 -0.0000000000 FLYING
2.1200000000 812.5862477447 0.0000000000 360.7940099315 3000.0000000000 0.0000000000 3000.0000000000 -0.0020570208 0.0000000000 FLYING
2.1300000000 819.9322183899 0.0000000000 365.5048054813 3000.0000000000 0.0000000000 3000.0000000000 -0.0020649322 -0.0000000000 FLYING
2.1400000000 827.3026234754 0.0000000000 370.2527768962 3000.0000000000 0.0000000000 3000.0000000000 -0.0020727649 0.0000000000 FLYING
2.1500000000 834.6972550267 0.0000000000 375.0380718474 3000.0000000000 0.0000000000 3000.0000000000 -0.0020805180 -0.0000000000 FLYING
2.1600000000 842.1159039974 0.0000000000 379.8608370934 3000.0000000000 0.0000000000 3000.0000000000 -0.0020881894 0.0000000000 FLYING
2.1700000000 849.5583553865 0.0000000000 384.7212152400 3000.0000000000 0.0000000000 3000.0000000000 -0.0020957781 -0.0000000000 FLYING
2.1800000000 857.0243919295 0.0000000000 389.6193470661 3000.0000000000 0.0000000000 3000.0000000000 -0.0021032836 0.0000000000 FLYING
2.1900000000 864.5137953425 0.0000000000 394.5553722936 3000.0000000000 0.0000000000 3000.0000000000 -0.0021107051 -0.0000000000 FLYING
2.2000000000 872.0263463369 0.0000000000 399.5294295627 3000.0000000000 0.0000000000 3000.0000000000 -0.0021180420 0.0000000000 FLYING
2.2100000000 879.5618246364 0.0000000000 404.5416564065 3000.0000000000 0.0000000000 3000.0000000000 -0.0021252937 -0.0000000000 FLYING
2.2200000000 887.1200089922 0.0000000000 409.5921892266 3000.0000000000 0.0000000000 3000.0000000000 -0.0021324596 0.0000000000 FLYING
2.2300000000 894.7006772004 0.0000000000 414.6811632683 3000.0000000000 0.0000000000 3000.0000000000 -0.0021395390 -0.0000000000 FLYING
2.2400000000 902.3036061186 0.0000000000 419.8087125956 3000.0000000000 0.0000000000 3000.0000000000 -0.0021465313 0.0000000000 FLYING
2.2500000000 909.9285716829 0.0000000000 424.9749700666 3000.0000000000 0.0000000000 3000.0000000000 -0.0021534359 -0.0000000000 FLYING
2.2600000000 917.5753489257 0.0000000000 430.1800673094 3000.0000000000 0.0000000000 3000.0000000000 -0.0021602520 0.0000000000 FLYING
2.2700000000 925.2437119935 0.0000000000 435.4241346970 3000.0000000000 0.0000000000 3000.0000000000 -0.0021669791 -0.0000000000 FLYING
2.2800000000 932.9334341652 0.0000000000 440.7073013235 3000.0000000000 0.0000000000 3000.0000000000 -0.0021736166 0.0000000000 FLYING
2.2900000000 940.6442878702 0.0000000000 446.0296949793 3000.0000000000 0.0000000000 3000.0000000000 -0.0021801637 -0.0000000000 FLYING
2.3000000000 948.3760447077 0.0000000000 451.3914421275 3000.0000000000 0.0000000000 3000.0000000000 -0.0021866199 -0.0000000000 FLYING
2.3100000000 956.1284754652 0.0000000000 456.7926678793 3000.0000000000 0.0000000000 3000.0000000000 -0.0021929844 0.0000000000 FLYING
2.3200000000 963.9013501387 0.0000000000 462.2334959706 3000.0000000000 0.0000000000 3000.0000000000 -0.0021992568 -0.0000000000 FLYING
2.3300000000 971.6944379519 0.0000000000 467.7140487376 3000.0000000000 0.0000000000 3000.0000000000 -0.0022054363 0.0000000000 FLYING
2.3400000000 979.5075073763 0.0000000000 473.2344470936 3000.0000000000 0.0000000000 3000.0000000000 -0.0022115175 -0.0000000000 FLYING
2.3500000000 987.3403284926 0.0000000000 478.7948121105 3000.0000000000 0.0000000000 3000.0000000000 -0.0022175052 0.0000000000 FLYING
2.3600000000 995.1926707646 0.0000000000 484.3952634873 3000.0000000000 0.0000000000 3000.0000000000 -0.0022233988 -0.0000000000 FLYING
2.3700000000 1003.0643029906 0.0000000000 490.0359194793 3000.0000000000 0.0000000000 3000.0000000000 -0.0022291978 0.0000000000 FLYING
2.3800000000 1010.9549933247 0.0000000000 495.7168968759 3000.0000000000 0.0000000000 3000.0000000000 -0.0022349014 -0.0000000000 FLYING
2.3900000000 1018.8645092975 0.0000000000 501.4383109780 3000.0000000000 0.0000000000 3000.0000000000 -0.0022405090 0.0000000000 FLYING
2.4000000000 1026.7926178377 0.0000000000 507.2002755758 3000.0000000000 0.0000000000 3000.0000000000 -0.0022460202 -0.0000000000 FLYING
2.4100000000 1034.7390852940 0.0000000000 513.0029029266 3000.0000000000 0.0000000000 3000.0000000000 -0.0022514341 -0.0000000000 FLYING
2.4200000000 1042.7036774568 0.0000000000 518.8463037331 3000.0000000000 0.0000000000 3000.0000000000 -0.0022567502 0.0000000000 FLYING
2.4300000000 1050.6861595810 0.0000000000 524.7305871218 3000.0000000000 0.0000000000 3000.0000000000 -0.0022742439 -0.0000000000 FLYING
2.4400000000 1058.6430557111 0.0000000000 530.6239858107 3000.0000000000 0.0000000000 3000.0000000000 -0.0022656456 0.0000000000 FLYING
2.4500000000 1066.5744213116 0.0000000000 536.5263492983 3000.0000000000 0.0000000000 3000.0000000000 -0.0022576399 -0.0000000000 FLYING
2.4600000000 1074.4803086936 0.0000000000 542.4375324223 3000.0000000000 0.0000000000 3000.0000000000 -0.0022496215 0.0000000000 FLYING
2.4700000000 1082.3607706856 0.0000000000 548.3573906109 3000.0000000000 0.0000000000 3000.0000000000 -0.0022416044 -0.0000000000 FLYING
2.4800000000 1090.2158605423 0.0000000000 554.2857799912 3000.0000000000 0.0000000000 3000.0000000000 -0.0022335884 0.0000000000 FLYING
2.4900000000 1098.0456319389 0.0000000000 560.2225573882 3000.0000000000 0.0000000000 3000.0000000000 -0.0022255739 -0.0000000000 FLYING
2.5000000000 1105.8501389640 0.0000000000 566.1675803255 3000.0000000000 0.0000000000 3000.0000000000 -0.0022175611 0.0000000000 FLYING
2.5100000000 1113.6294361119 0.0000000000 572.1207070261 3000.0000000000 0.0000000000 3000.0000000000 -0.0022095503 -0.0000000000 FLYING
2.5200000000 1121.3835782753 0.0000000000 578.0817964136 3000.0000000000 0.0000000000 3000.0000000000 -0.0022015417 -0.0000000000 FLYING
2.5300000000 1129.1126207381 0.0000000000 584.0507081125 3000.0000000000 0.0000000000 3000.0000000000 -0.0021935356 0.0000000000 FLYING
2.5400000000 1136.8166191682 0.0000000000 590.0273024489 3000.0000000000 0.0000000000 3000.0000000000 -0.0021855322 -0.0000000000 FLYING
2.5500000000 1144.4956296100 0.0000000000 596.0114404513 3000.0000000000 0.0000000000 3000.0000000000 -0.0021775318 0.0000000000 FLYING
2.5600000000 1152.1497084774 0.0000000000 602.0029838508 3000.0000000000 0.0000000000 3000.0000000000 -0.0021695346 -0.0000000000 FLYING
2.5700000000 1159.7789125467 0.0000000000 608.0017950817 3000.0000000000 0.0000000000 3000.0000000000 -0.0021615409 0.0000000000 FLYING
2.5800000000 1167.3832989491 0.0000000000 614.0077372819 3000.0000000000 0.0000000000 3000.0000000000 -0.0021535509 -0.0000000000 FLYING
2.5900000000 1174.9629251642 0.0000000000 620.0206742929 3000.0000000000 0.0000000000 3000.0000000000 -0.0021455649 0.0000000000 FLYING
2.6000000000 1182.5178490123 0.0000000000 626.0404706603 3000.0000000000 0.0000000000 3000.0000000000 -0.0021375830 -0.0000000000 FLYING
2.6100000000 1190.0481286480 0.0000000000 632.0669916336 3000.0000000000 0.0000000000 3000.0000000000 -0.0021296056 -0.0000000000 FLYING
2.6200000000 1197.5538225527 0.0000000000 638.1001031668 3000.0000000000 0.0000000000 3000.0000000000 -0.0021216328 0.0000000000 FLYING
2.6300000000 1205.0349895280 0.0000000000 644.1396719179 3000.0000000000 0.0000000000 3000.0000000000 -0.0021136648 -0.0000000000 FLYING
2.6400000000 1212.4916886889 0.0000000000 650.1855652490 3000.0000000000 0.0000000000 3000.0000000000 -0.0021057020 0.0000000000 FLYING
2.6500000000 1219.9239794564 0.0000000000 656.2376512262 3000.0000000000 0.0000000000 3000.0000000000 -0.0020977446 -0.0000000000 FLYING
2.6600000000 1227.3319215515 0.0000000000 662.2957986195 3000.0000000000 0.0000000000 3000.0000000000 -0.0020897927 0.0000000000 FLYING
2.6700000000 1234.7155749876 0.0000000000 668.3598769024 3000.0000000000 0.0000000000 3000.0000000000 -0.0020818465 -0.0000000000 FLYING
2.6800000000 1242.0750000645 0.0000000000 674.4297562517 3000.0000000000 0.0000000000 3000.0000000000 -0.0020739064 0.0000000000 FLYING
2.6900000000 1249.4102573611 0.0000000000 680.5053075467 3000.0000000000 0.0000000000 3000.0000000000 -0.0020659720 -0.0000000000 FLYING
2.7000000000 1256.7214079253 0.0000000000 686.5864025266 3000.0000000000 0.0000000000 3000.0000000000 -0.0020581028 0.0000000000 FLYING
2.7100000000 1264.0085379047 0.0000000000 692.6729351030 3000.0000000000 0.0000000000 3000.0000000000 -0.0020502459 -0.0000000000 FLYING
2.7200000000 1271.2717334418 0.0000000000 698.7647999994 3000.0000000000 0.0000000000 3000.0000000000 -0.0020424028 -0.0000000000 FLYING
2.7300000000 1278.5110806611 0.0000000000 704.8618927562 3000.0000000000 0.0000000000 3000.0000000000 -0.0020345735 0.0000000000 FLYING
2.7400000000 1285.7266656651 0.0000000000 710.9641097266 3000.0000000000 0.0000000000 3000.0000000000 -0.0020267582 -0.0000000000 FLYING
2.7500000000 1292.9185745303 0.0000000000 717.0713480722 3000.0000000000 0.0000000000 3000.0000000000 -0.0020189569 0.0000000000 FLYING
2.7600000000 1300.0868933025 0.0000000000 723.1835057596 3000.0000000000 0.0000000000 3000.0000000000 -0.0020111698 -0.0000000000 FLYING
2.7700000000 1307.2317079931 0.0000000000 729.3004815555 3000.0000000000 0.0000000000 3000.0000000000 -0.0020033969 0.0000000000 FLYING
2.7800000000 1314.3531045745 0.0000000000 735.4221750234 3000.0000000000 0.0000000000 3000.0000000000 -0.0019956384 -0.0000000000 FLYING
2.7900000000 1321.4511689764 0.0000000000 741.5484865189 3000.0000000000 0.0000000000 3000.0000000000 -0.0019878944 0.0000000000 FLYING
2.8000000000 1328.5259870819 0.0000000000 747.6793171858 3000.0000000000 0.0000000000 3000.0000000000 -0.0019801649 -0.0000000000 FLYING
2.8100000000 1335.5776447230 0.0000000000 753.8145689524 3000.0000000000 0.0000000000 3000.0000000000 -0.0019724501 0.0000000000 FLYING
2.8200000000 1342.6062276772 0.0000000000 759.9541445266 3000.0000000000 0.0000000000 3000.0000000000 -0.0019647501 -0.0000000000 FLYING
2.8300000000 1349.6118216636 0.0000000000 766.0979473925 3000.0000000000 0.0000000000 3000.0000000000 -0.0019570649 -0.0000000000 FLYING
2.8400000000 1356.5945123388 0.0000000000 772.2458818059 3000.0000000000 0.0000000000 3000.0000000000 -0.0019493946 0.0000000000 FLYING
2.8500000000 1363.5543852935 0.0000000000 778.3978527903 3000.0000000000 0.0000000000 3000.0000000000 -0.0019417394 -0.0000000000 FLYING
2.8600000000 1370.4915260486 0.0000000000 784.5537661324 3000.0000000000 0.0000000000 3000.0000000000 -0.0019340993 0.0000000000 FLYING
2.8700000000 1377.4060200519 0.0000000000 790.7135283788 3000.0000000000 0.0000000000 3000.0000000000 -0.0019264744 -0.0000000000 FLYING
2.8800000000 1384.2979526739 0.0000000000 796.8770468309 3000.0000000000 0.0000000000 3000.0000000000 -0.0019188647 0.0000000000 FLYING
2.8900000000 1391.1674092049 0.0000000000 803.0442295413 3000.0000000000 0.0000000000 3000.0000000000 -0.0019112705 -0.0000000000 FLYING
2.9000000000 1398.0144748512 0.0000000000 809.2149853096 3000.0000000000 0.0000000000 3000.0000000000 -0.0019036917 0.0000000000 FLYING
2.9100000000 1404.8392347317 0.0000000000 815.3892236779 3000.0000000000 0.0000000000 3000.0000000000 -0.0018961285 -0.0000000000 FLYING
2.9200000000 1411.6417738746 0.0000000000 821.5668549274 3000.0000000000 0.0000000000 3000.0000000000 -0.0018885809 0.0000000000 FLYING
2.9300000000 1418.4221772141 0.0000000000 827.7477900731 3000.0000000000 0.0000000000 3000.0000000000 -0.0018810489 -0.0000000000 FLYING
2.9400000000 1425.1805295870 0.0000000000 833.9319408609 3000.0000000000 0.0000000000 3000.0000000000 -0.0018735328 0.0000000000 FLYING
2.9500000000 1431.9169157295 0.0000000000 840.1192197624 3000.0000000000 0.0000000000 3000.0000000000 -0.0018660324 -0.0000000000 FLYING
2.9600000000 1438.6314202740 0.0000000000 846.3095399713 3000.0000000000 0.0000000000 3000.0000000000 -0.0018585480 -0.0000000000 FLYING
2.9700000000 1445.3241277463 0.0000000000 852.5028153992 3000.0000000000 0.0000000000 3000.0000000000 -0.0018510796 0.0000000000 FLYING
2.9800000000 1451.9951225621 0.0000000000 858.6989606713 3000.0000000000 0.0000000000 3000.0000000000 -0.0018436272 -0.0000000000 FLYING
2.9900000000 1458.6444890240 0.0000000000 864.8978911221 3000.0000000000 0.0000000000 3000.0000000000 -0.0018361910 0.0000000000 FLYING
3.0000000000 1465.2723113188 0.0000000000 871.0995227916 3000.0000000000 0.0000000000 3000.0000000000 -0.0018287709 -0.0000000000 FLYING
3.0100000000 1471.8786735143 0.0000000000 877.3037724210 3000.0000000000 0.0000000000 3000.0000000000 -0.0018213671 0.0000000000 FLYING
3.0200000000 1478.4636595567 0.0000000000 883.5105574485 3000.0000000000 0.0000000000 3000.0000000000 -0.0018139796 -0.0000000000 FLYING
3.0300000000 1485.0273532673 0.0000000000 889.7197960052 3000.0000000000 0.0000000000 3000.0000000000 -0.0018066084 0.0000000000 FLYING
3.0400000000 1491.5698383403 0.0000000000 895.9314069108 3000.0000000000 0.0000000000 3000.0000000000 -0.0017992537 -0.0000000000 FLYING
3.0500000000 1498.0911983394 0.0000000000 902.1453096697 3000.0000000000 0.0000000000 3000.0000000000 -0.0017919155 0.0000000000 FLYING
3.0600000000 1504.5915166956 0.0000000000 908.3614244668 3000.0000000000 0.0000000000 3000.0000000000 -0.0017845938 -0.0000000000 FLYING
3.0700000000 1511.0708767044 0.0000000000 914.5796721633 3000.0000000000 0.0000000000 3000.0000000000 -0.0017772888 -0.0000000000 FLYING
3.0800000000 1517.5293615230 0.0000000000 920.7999742924 3000.0000000000 0.0000000000 3000.0000000000 -0.0017700004 0.0000000000 FLYING
3.0900000000 1523.9670541681 0.0000000000 927.0222530558 3000.0000000000 0.0000000000 3000.0000000000 -0.0017627287 -0.0000000000 FLYING
3.1000000000 1530.3840375129 0.0000000000 933.2464313187 3000.0000000000 0.0000000000 3000.0000000000 -0.0017554738 0.0000000000 FLYING
3.1100000000 1536.7803942851 0.0000000000 939.4724326065 3000.0000000000 0.0000000000 3000.0000000000 -0.0017482357 -0.0000000000 FLYING
3.1200000000 1543.1562070640 0.0000000000 945.7001811001 3000.0000000000 0.0000000000 3000.0000000000 -0.0017410144 0.0000000000 FLYING
3.1300000000 1549.5115582787 0.0000000000 951.9296016324 3000.0000000000 0.0000000000 3000.0000000000 -0.0017338101 -0.0000000000 FLYING
3.1400000000 1555.8465302050 0.0000000000 958.1606196834 3000.0000000000 0.0000000000 3000.0000000000 -0.0017266227 0.0000000000 FLYING
3.1500000000 1562.1612049636 0.0000000000 964.3931613769 3000.0000000000 0.0000000000 3000.0000000000 -0.0017194523 -0.0000000000 FLYING
3.1600000000 1568.4556645179 0.0000000000 970.6271534762 3000.0000000000 0.0000000000 3000.0000000000 -0.0017122990 0.0000000000 FLYING
3.1700000000 1574.7299906714 0.0000000000 976.8625233797 3000.0000000000 0.0000000000 3000.0000000000 -0.0017051627 -0.0000000000 FLYING
3.1800000000 1580.9842650656 0.0000000000 983.0991991172 3000.0000000000 0.0000000000 3000.0000000000 -0.0016980436 0.0000000000 FLYING
3.1900000000 1587.2185691782 0.0000000000 989.3371093457 3000.0000000000 0.0000000000 3000.0000000000 -0.0016909417 -0.0000000000 FLYING
3.2000000000 1593.4329843206 0.0000000000 995.5761833456 3000.0000000000 0.0000000000 3000.0000000000 -0.0016838569 -0.0000000000 FLYING
3.2100000000 1599.6275916358 0.0000000000 1001.8163510163 3000.0000000000 0.0000000000 3000.0000000000 -0.0016767894 0.0000000000 FLYING
3.2200000000 1605.8024720970 0.0000000000 1008.0575428724 3000.0000000000 0.0000000000 3000.0000000000 -0.0016697391 -0.0000000000 FLYING
3.2300000000 1611.9577065047 0.0000000000 1014.2996900397 3000.0000000000 0.0000000000 3000.0000000000 -0.0016627062 0.0000000000 FLYING
3.2400000000 1618.0933754855 0.0000000000 1020.5427242511 3000.0000000000 0.0000000000 3000.0000000000 -0.0016556906 -0.0000000000 FLYING
3.2500000000 1624.2095594899 0.0000000000 1026.7865778428 3000.0000000000 0.0000000000 3000.0000000000 -0.0016486924 0.0000000000 FLYING
3.2600000000 1630.3063387901 0.0000000000 1033.0311837499 3000.0000000000 0.0000000000 3000.0000000000 -0.0016417116 -0.0000000000 FLYING
3.2700000000 1636.3837934790 0.0000000000 1039.2764755031 3000.0000000000 0.0000000000 3000.0000000000 -0.0016347483 0.0000000000 FLYING
3.2800000000 1642.4420034676 0.0000000000 1045.5223872242 3000.0000000000 0.0000000000 3000.0000000000 -0.0016278024 -0.0000000000 FLYING
3.2900000000 1648.4810484835 0.0000000000 1051.7688536223 3000.0000000000 0.0000000000 3000.0000000000 -0.0016208740 0.0000000000 FLYING
3.3000000000 1654.5010080694 0.0000000000 1058.0158099900 3000.0000000000 0.0000000000 3000.0000000000 -0.0016139631 -0.0000000000 FLYING
3.3100000000 1660.5019615812 0.0000000000 1064.2631921992 3000.0000000000 0.0000000000 3000.0000000000 -0.0016070698 0.0000000000 FLYING
3.3200000000 1666.4839881861 0.0000000000 1070.5109366976 3000.0000000000 0.0000000000 3000.0000000000 -0.0016001940 -0.0000000000 FLYING
3.3300000000 1672.4471668617 0.0000000000 1076.7589805045 3000.0000000000 0.0000000000 3000.0000000000 -0.0015933359 0.0000000000 FLYING
3.3400000000 1678.3915763937 0.0000000000 1083.0072612069 3000.0000000000 0.0000000000 3000.0000000000 -0.0015864953 -0.0000000000 FLYING
3.3500000000 1684.3172953747 0.0000000000 1089.2557169559 3000.0000000000 0.0000000000 3000.0000000000 -0.0015796724 -0.0000000000 FLYING
3.3600000000 1690.2244022026 0.0000000000 1095.5042864626 3000.0000000000 0.0000000000 3000.0000000000 -0.0015728672 0.0000000000 FLYING
3.3700000000 1696.1129750792 0.0000000000 1101.7529089943 3000.0000000000 0.0000000000 3000.0000000000 -0.0015660796 -0.0000000000 FLYING
3.3800000000 1701.9830920087 0.0000000000 1108.0015243708 3000.0000000000 0.0000000000 3000.0000000000 -0.0015593098 0.0000000000 FLYING
3.3900000000 1707.8348307961 0.0000000000 1114.2500729603 3000.0000000000 0.0000000000 3000.0000000000 -0.0015525576 -0.0000000000 FLYING
3.4000000000 1713.6682690464 0.0000000000 1120.4984956762 3000.0000000000 0.0000000000 3000.0000000000 -0.0015458232 0.0000000000 FLYING
3.4100000000 1719.4834841625 0.0000000000 1126.7467339724 3000.0000000000 0.0000000000 3000.0000000000 -0.0015391065 -0.0000000000 FLYING
3.4200000000 1725.2805533444 0.0000000000 1132.9947298403 3000.0000000000 0.0000000000 3000.0000000000 -0.0015324076 0.0000000000 FLYING
3.4300000000 1731.0595535876 0.0000000000 1139.2424258049 3000.0000000000 0.0000000000 3000.0000000000 -0.0015257264 -0.0000000000 FLYING
3.4400000000 1736.8205616824 0.0000000000 1145.4897649207 3000.0000000000 0.0000000000 3000.0000000000 -0.0015190630 0.0000000000 FLYING
3.4500000000 1742.5636542118 0.0000000000 1151.7366907682 3000.0000000000 0.0000000000 3000.0000000000 -0.0015124175 -0.0000000000 FLYING
3.4600000000 1748.2889075512 0.0000000000 1157.9831474505 3000.0000000000 0.0000000000 3000.0000000000 -0.0015057897 0.0000000000 FLYING
3.4700000000 1753.9963978667 0.0000000000 1164.2290795888 3000.0000000000 0.0000000000 3000.0000000000 -0.0014991797 -0.0000000000 FLYING
3.4800000000 1759.6862011139 0.0000000000 1170.4744323197 3000.0000000000 0.0000000000 3000.0000000000 -0.0014925876 0.0000000000 FLYING
3.4900000000 1765.3583930375 0.0000000000 1176.7191512907 3000.0000000000 0.0000000000 3000.0000000000 -0.0014860133 -0.0000000000 FLYING
3.5000000000 1771.0130491692 0.0000000000 1182.9631826571 3000.0000000000 0.0000000000 3000.0000000000 -0.0014794568 -0.0000000000 FLYING
3.5100000000 1776.6502448276 0.0000000000 1189.2064730780 3000.0000000000 0.0000000000 3000.0000000000 -0.0014729182 0.0000000000 FLYING
3.5200000000 1782.2700551166 0.0000000000 1195.4489697129 3000.0000000000 0.0000000000 3000.0000000000 -0.0014663975 -0.0000000000 FLYING
3.5300000000 1787.8725549246 0.0000000000 1201.6906202179 3000.0000000000 0.0000000000 3000.0000000000 -0.0014598946 0.0000000000 FLYING
3.5400000000 1793.4578189236 0.0000000000 1207.9313727426 3000.0000000000 0.0000000000 3000.0000000000 -0.0014534095 -0.0000000000 FLYING
3.5500000000 1799.0259215683 0.0000000000 1214.1711759257 3000.0000000000 0.0000000000 3000.0000000000 -0.0014469423 0.0000000000 FLYING
3.5600000000 1804.5769370950 0.0000000000 1220.4099788922 3000.0000000000 0.0000000000 3000.0000000000 -0.0014404930 -0.0000000000 FLYING
3.5700000000 1810.1109395208 0.0000000000 1226.6477312494 3000.0000000000 0.0000000000 3000.0000000000 -0.0014340616 0.0000000000 FLYING
3.5800000000 1815.6280026428 0.0000000000 1232.8843830837 3000.0000000000 0.0000000000 3000.0000000000 -0.0014276480 -0.0000000000 FLYING
3.5900000000 1821.1282000373 0.0000000000 1239.1198849567 3000.0000000000 0.0000000000 3000.0000000000 -0.0014212522 0.0000000000 FLYING
3.6000000000 1826.6116050591 0.0000000000 1245.3541879022 3000.0000000000 0.0000000000 3000.0000000000 -0.0014148744 -0.0000000000 FLYING
3.6100000000 1832.0782908404 0.0000000000 1251.5872434222 3000.0000000000 0.0000000000 3000.0000000000 -0.0014085144 0.0000000000 FLYING
3.6200000000 1837.5283302903 0.0000000000 1257.8190034839 3000.0000000000 0.0000000000 3000.0000000000 -0.0014021722 -0.0000000000 FLYING
3.6300000000 1842.9617960940 0.0000000000 1264.0494205159 3000.0000000000 0.0000000000 3000.0000000000 -0.0013958479 0.0000000000 FLYING
3.6400000000 1848.3787607122 0.0000000000 1270.2784474051 3000.0000000000 0.0000000000 3000.0000000000 -0.0013895415 -0.0000000000 FLYING
3.6500000000 1853.7792963805 0.0000000000 1276.5060374931 3000.0000000000 0.0000000000 3000.0000000000 -0.0013832529 0.0000000000 FLYING
3.6600000000 1859.1634751082 0.0000000000 1282.7321445726 3000.0000000000 0.0000000000 3000.0000000000 -0.0013769822 -0.0000000000 FLYING
3.6700000000 1864.5313686784 0.0000000000 1288.9567228846 3000.0000000000 0.0000000000 3000.0000000000 -0.0013707293 -0.0000000000 FLYING
3.6800000000 1869.8830486471 0.0000000000 1295.1797271144 3000.0000000000 0.0000000000 3000.0000000000 -0.0013644942 0.0000000000 FLYING
3.6900000000 1875.2185863424 0.0000000000 1301.4011123888 3000.0000000000 0.0000000000 3000.0000000000 -0.0013582769 -0.0000000000 FLYING
3.7000000000 1880.5380528644 0.0000000000 1307.6208342724 3000.0000000000 0.0000000000 3000.0000000000 -0.0013520775 0.0000000000 FLYING
3.7100000000 1885.8415190841 0.0000000000 1313.8388487644 3000.0000000000 0.0000000000 3000.0000000000 -0.0013458959 -0.0000000000 FLYING
3.7200000000 1891.1290556435 0.0000000000 1320.0551122956 3000.0000000000 0.0000000000 3000.0000000000 -0.0013397269 0.0000000000 FLYING
3.7300000000 1896.4007332641 0.0000000000 1326.2695820250 3000.0000000000 0.0000000000 3000.0000000000 -0.0013335718 -0.0000000000 FLYING
3.7400000000 1901.6566226906 0.0000000000 1332.4822157897 3000.0000000000 0.0000000000 3000.0000000000 -0.0013274350 0.0000000000 FLYING
3.7500000000 1906.8967944262 0.0000000000 1338.6929718466 3000.0000000000 0.0000000000 3000.0000000000 -0.0013213163 -0.0000000000 FLYING
3.7600000000 1912.1213187330 0.0000000000 1344.9018088694 3000.0000000000 0.0000000000 3000.0000000000 -0.0013152157 0.0000000000 FLYING
3.7700000000 1917.3302656318 0.0000000000 1351.1086859447 3000.0000000000 0.0000000000 3000.0000000000 -0.0013091332 -0.0000000000 FLYING
3.7800000000 1922.5237049015 0.0000000000 1357.3135625691 3000.0000000000 0.0000000000 3000.0000000000 -0.0013030688 0.0000000000 FLYING
3.7900000000 1927.7017060796 0.0000000000 1363.5163986458 3000.0000000000 0.0000000000 3000.0000000000 -0.0012970225 -0.0000000000 FLYING
3.8000000000 1932.8643384610 0.0000000000 1369.7171544816 3000.0000000000 0.0000000000 3000.0000000000 -0.0012909942 0.0000000000 FLYING
3.8100000000 1938.0116710988 0.0000000000 1375.9157907836 3000.0000000000 0.0000000000 3000.0000000000 -0.0012849839 -0.0000000000 FLYING
3.8200000000 1943.1437728033 0.0000000000 1382.1122686559 3000.0000000000 0.0000000000 3000.0000000000 -0.0012789917 0.0000000000 FLYING
3.8300000000 1948.2607121423 0.0000000000 1388.3065495969 3000.0000000000 0.0000000000 3000.0000000000 -0.0012730174 -0.0000000000 FLYING
3.8400000000 1953.3625574410 0.0000000000 1394.4985954955 3000.0000000000 0.0000000000 3000.0000000000 -0.0012670611 0.0000000000 FLYING
3.8500000000 1958.4493767814 0.0000000000 1400.6883686289 3000.0000000000 0.0000000000 3000.0000000000 -0.0012611227 -0.0000000000 FLYING
3.8600000000 1963.5212380027 0.0000000000 1406.8758316585 3000.0000000000 0.0000000000 3000.0000000000 -0.0012552022 0.0000000000 FLYING
3.8700000000 1968.5782087009 0.0000000000 1413.0609476277 3000.0000000000 0.0000000000 3000.0000000000 -0.0012492996 -0.0000000000 FLYING
3.8800000000 1973.6203562291 0.0000000000 1419.2436799584 3000.0000000000 0.0000000000 3000.0000000000 -0.0012434149 -0.0000000000 FLYING
3.8900000000 1978.6477476968 0.0000000000 1425.4239924480 3000.0000000000 0.0000000000 3000.0000000000 -0.0012375481 0.0000000000 FLYING
3.9000000000 1983.6604499704 0.0000000000 1431.6018492666 3000.0000000000 0.0000000000 3000.0000000000 -0.0012316990 -0.0000000000 FLYING
3.9100000000 1988.6585296730 0.0000000000 1437.7772149537 3000.0000000000 0.0000000000 3000.0000000000 -0.0012258678 0.0000000000 FLYING
3.9200000000 1993.6420531843 0.0000000000 1443.9500544157 3000.0000000000 0.0000000000 3000.0000000000 -0.0012200543 -0.0000000000 FLYING
3.9300000000 1998.6110866409 0.0000000000 1450.1203329223 3000.0000000000 0.0000000000 3000.0000000000 -0.0012142586 0.0000000000 FLYING
3.9400000000 2003.5656959357 0.0000000000 1456.2880161043 3000.0000000000 0.0000000000 3000.0000000000 -0.0012084806 -0.0000000000 FLYING
3.9500000000 2008.5059467187 0.0000000000 1462.4530699499 3000.0000000000 0.0000000000 3000.0000000000 -0.0012027203 0.0000000000 FLYING
3.9600000000 2013.4319043965 0.0000000000 1468.6154608027 3000.0000000000 0.0000000000 3000.0000000000 -0.0011969777 -0.0000000000 FLYING
3.9700000000 2018.3436341325 0.0000000000 1474.7751553579 3000.0000000000 0.0000000000 3000.0000000000 -0.0011912527 0.0000000000 FLYING
3.9800000000 2023.2412008470 0.0000000000 1480.9321206602 3000.0000000000 0.0000000000 3000.0000000000 -0.0011855454 -0.0000000000 FLYING
3.9900000000 2028.1246692173 0.0000000000 1487.0863241005 3000.0000000000 0.0000000000 3000.0000000000 -0.0011798556 0.0000000000 FLYING
4.0000000000 2032.9941036780 0.0000000000 1493.2377334132 3000.0000000000 0.0000000000 3000.0000000000 -0.0011741834 -0.0000000000 FLYING
4.0100000000 2037.8495684205 0.0000000000 1499.3863166736 3000.0000000000 0.0000000000 3000.0000000000 -0.0011685287 0.0000000000 FLYING
4.0200000000 2042.6911273937 0.0000000000 1505.5320422948 3000.0000000000 0.0000000000 3000.0000000000 -0.0011628916 -0.0000000000 FLYING
4.0300000000 2047.5188443042 0.0000000000 1511.6748790251 3000.0000000000 0.0000000000 3000.0000000000 -0.0011572719 0.0000000000 FLYING
4.0400000000 2052.3327826158 0.0000000000 1517.8147959453 3000.0000000000 0.0000000000 3000.0000000000 -0.0011516696 -0.0000000000 FLYING
4.0500000000 2057.1330055504 0.0000000000 1523.9517624658 3000.0000000000 0.0000000000 3000.0000000000 -0.0011460848 0.0000000000 FLYING
4.0600000000 2061.9195760875 0.0000000000 1530.0857483240 3000.0000000000 0.0000000000 3000.0000000000 -0.0011405174 -0.0000000000 FLYING
4.0700000000 2066.6925569652 0.0000000000 1536.2167235818 3000.0000000000 0.0000000000 3000.0000000000 -0.0011349673 0.0000000000 FLYING
4.0800000000 2071.4520106796 0.0000000000 1542.3446586226 3000.0000000000 0.0000000000 3000.0000000000 -0.0011294346 -0.0000000000 FLYING
4.0900000000 2076.1979994855 0.0000000000 1548.4695241485 3000.0000000000 0.0000000000 3000.0000000000 -0.0011239192 0.0000000000 FLYING
4.1000000000 2080.9305853963 0.0000000000 1554.5912911785 3000.0000000000 0.0000000000 3000.0000000000 -0.0011184210 -0.0000000000 FLYING
4.1100000000 2085.6498301845 0.0000000000 1560.7099310449 3000.0000000000 0.0000000000 3000.0000000000 -0.0011129401 0.0000000000 FLYING
4.1200000000 2090.3557953820 0.0000000000 1566.8254153912 3000.0000000000 0.0000000000 3000.0000000000 -0.0011074764 -0.0000000000 FLYING
4.1300000000 2095.0485422800 0.0000000000 1572.9377161695 3000.0000000000 0.0000000000 3000.0000000000 -0.0011020299 -0.0000000000 FLYING
4.1400000000 2099.7281319294 0.0000000000 1579.0468056379 3000.0000000000 0.0000000000 3000.0000000000 -0.0010966005 0.0000000000 FLYING
4.1500000000 2104.3946251415 0.0000000000 1585.1526563578 3000.0000000000 0.0000000000 3000.0000000000 -0.0010911883 -0.0000000000 FLYING
4.1600000000 2109.0480824875 0.0000000000 1591.2552411916 3000.0000000000 0.0000000000 3000.0000000000 -0.0010857931 0.0000000000 FLYING
4.1700000000 2113.6885642995 0.0000000000 1597.3545332999 3000.0000000000 0.0000000000 3000.0000000000 -0.0010804150 -0.0000000000 FLYING
4.1800000000 2118.3161306704 0.0000000000 1603.4505061395 3000.0000000000 0.0000000000 3000.0000000000 -0.0010750539 0.0000000000 FLYING
4.1900000000 2122.9308414545 0.0000000000 1609.5431334603 3000.0000000000 0.0000000000 3000.0000000000 -0.0010697097 -0.0000000000 FLYING
4.2000000000 2127.5327562674 0.0000000000 1615.6323893033 3000.0000000000 0.0000000000 3000.0000000000 -0.0010643826 0.0000000000 FLYING
4.2100000000 2132.1219344868 0.0000000000 1621.7182479979 3000.0000000000 0.0000000000 3000.0000000000 -0.0010590723 -0.0000000000 FLYING
4.2200000000 2136.6984352526 0.0000000000 1627.8006841598 3000.0000000000 0.0000000000 3000.0000000000 -0.0010537790 0.0000000000 FLYING
4.2300000000 2141.2623174673 0.0000000000 1633.8796726881 3000.0000000000 0.0000000000 3000.0000000000 -0.0010485025 -0.0000000000 FLYING
4.2400000000 2145.8136397962 0.0000000000 1639.9551887633 3000.0000000000 0.0000000000 3000.0000000000 -0.0010432428 0.0000000000 FLYING
4.2500000000 2150.3524606683 0.0000000000 1646.0272078449 3000.0000000000 0.0000000000 3000.0000000000 -0.0010379999 -0.0000000000 FLYING
4.2600000000 2154.8788382758 0.0000000000 1652.0957056687 3000.0000000000 0.0000000000 3000.0000000000 -0.0010327738 0.0000000000 FLYING
4.2700000000 2159.3928305753 0.0000000000 1658.1606582450 3000.0000000000 0.0000000000 3000.0000000000 -0.0010275644 -0.0000000000 FLYING
4.2800000000 2163.8944952878 0.0000000000 1664.2220418557 3000.0000000000 0.0000000000 3000.0000000000 -0.0010223717 0.0000000000 FLYING
4.2900000000 2168.3838898991 0.0000000000 1670.2798330525 3000.0000000000 0.0000000000 3000.0000000000 -0.0010171956 -0.0000000000 FLYING
4.3000000000 2172.8610716605 0.0000000000 1676.3340086544 3000.0000000000 0.0000000000 3000.0000000000 -0.0010120361 0.0000000000 FLYING
4.3100000000 2177.3260975887 0.0000000000 1682.3845457453 3000.0000000000 0.0000000000 3000.0000000000 -0.0010068933 -0.0000000000 FLYING
4.3200000000 2181.7790244666 0.0000000000 1688.4314216718 3000.0000000000 0.0000000000 3000.0000000000 -0.0010017670 0.0000000000 FLYING
4.3300000000 2186.2199088438 0.0000000000 1694.4746140412 3000.0000000000 0.0000000000 3000.0000000000 -0.0009966572 -0.0000000000 FLYING
4.3400000000 2190.6488070367 0.0000000000 1700.5141007190 3000.0000000000 0.0000000000 3000.0000000000 -0.0009915639 0.0000000000 FLYING
4.3500000000 2195.0657751293 0.0000000000 1706.5498598269 3000.0000000000 0.0000000000 3000.0000000000 -0.0009864870 -0.0000000000 FLYING
4.3600000000 2199.4708689733 0.0000000000 1712.5818697403 3000.0000000000 0.0000000000 3000.0000000000 -0.0009814265 0.0000000000 FLYING
4.3700000000 2203.8641441887 0.0000000000 1718.6101090866 3000.0000000000 0.0000000000 3000.0000000000 -0.0009763824 -0.0000000000 FLYING
4.3800000000 2208.2456561646 0.0000000000 1724.6345567425 3000.0000000000 0.0000000000 3000.0000000000 -0.0009713547 0.0000000000 FLYING
4.3900000000 2212.6154600589 0.0000000000 1730.6551918324 3000.0000000000 0.0000000000 3000.0000000000 -0.0009663433 -0.0000000000 FLYING
4.4000000000 2216.9736107998 0.0000000000 1736.6719937258 3000.0000000000 0.0000000000 3000.0000000000 -0.0009613481 0.0000000000 FLYING
4.4100000000 2221.3201630851 0.0000000000 1742.6849420354 3000.0000000000 0.0000000000 3000.0000000000 -0.0009563692 -0.0000000000 FLYING
4.4200000000 2225.6551713838 0.0000000000 1748.6940166152 3000.0000000000 0.0000000000 3000.0000000000 -0.0009514065 0.0000000000 FLYING
4.4300000000 2229.9786899359 0.0000000000 1754.6991975580 3000.0000000000 0.0000000000 3000.0000000000 -0.0009464599 -0.0000000000 FLYING
4.4400000000 2234.2907727530 0.0000000000 1760.7004651938 3000.0000000000 0.0000000000 3000.0000000000 -0.0009415295 0.0000000000 FLYING
4.4500000000 2238.5914736191 0.0000000000 1766.6978000872 3000.0000000000 0.0000000000 3000.0000000000 -0.0009366152 -0.0000000000 FLYING
4.4600000000 2242.8808460907 0.0000000000 1772.6911830359 3000.0000000000 0.0000000000 3000.0000000000 -0.0009317169 0.0000000000 FLYING
4.4700000000 2247.1589434978 0.0000000000 1778.6805950686 3000.0000000000 0.0000000000 3000.0000000000 -0.0009268347 -0.0000000000 FLYING
4.4800000000 2251.4258189437 0.0000000000 1784.6660174425 3000.0000000000 0.0000000000 3000.0000000000 -0.0009219684 0.0000000000 FLYING
4.4900000000 2255.6815253064 0.0000000000 1790.6474316420 3000.0000000000 0.0000000000 3000.0000000000 -0.0009171181 -0.0000000000 FLYING
4.5000000000 2259.9261152385 0.0000000000 1796.6248193763 3000.0000000000 0.0000000000 3000.0000000000 -0.0009122837 0.0000000000 FLYING
4.5100000000 2264.1596411679 0.0000000000 1802.5981625775 3000.0000000000 0.0000000000 3000.0000000000 -0.0009074652 -0.0000000000 FLYING
4.5200000000 2268.3821552984 0.0000000000 1808.5674433989 3000.0000000000 0.0000000000 3000.0000000000 -0.0009026626 0.0000000000 FLYING
4.5300000000 2272.5937096101 0.0000000000 1814.5326442127 3000.0000000000 0.0000000000 3000.0000000000 -0.0008978757 -0.0000000000 FLYING
4.5400000000 2276.7943558603 0.0000000000 1820.4937476085 3000.0000000000 0.0000000000 3000.0000000000 -0.0008931046 0.0000000000 FLYING
4.5500000000 2280.9841455834 0.0000000000 1826.4507363910 3000.0000000000 0.0000000000 3000.0000000000 -0.0008883493 -0.0000000000 FLYING
4.5600000000 2285.1631300922 0.0000000000 1832.4035935783 3000.0000000000 0.0000000000 3000.0000000000 -0.0008836097 0.0000000000 FLYING
4.5700000000 2289.3313604780 0.0000000000 1838.3523024003 3000.0000000000 0.0000000000 3000.0000000000 -0.0008788857 -0.0000000000 FLYING
4.5800000000 2293.4888876111 0.0000000000 1844.2968462964 3000.0000000000 0.0000000000 3000.0000000000 -0.0008741774 0.0000000000 FLYING
4.5900000000 2297.6357621418 0.0000000000 1850.2372089139 3000.0000000000 0.0000000000 3000.0000000000 -0.0008694846 -0.0000000000 FLYING
4.6000000000 2301.7720345006 0.0000000000 1856.1733741061 3000.0000000000 0.0000000000 3000.0000000000 -0.0008648075 0.0000000000 FLYING
4.6100000000 2305.8977548986 0.0000000000 1862.1053259307 3000.0000000000 0.0000000000 3000.0000000000 -0.0008601458 -0.0000000000 FLYING
4.6200000000 2310.0129733288 0.0000000000 1868.0330486476 3000.0000000000 0.0000000000 3000.0000000000 -0.0008554997 -0.0000000000 FLYING
4.6300000000 2314.1177395659 0.0000000000 1873.9565267176 3000.0000000000 0.0000000000 3000.0000000000 -0.0008508690 0.0000000000 FLYING
4.6400000000 2318.2121031673 0.0000000000 1879.8757448002 3000.0000000000 0.0000000000 3000.0000000000 -0.0008462537 -0.0000000000 FLYING
4.6500000000 2322.2961134736 0.0000000000 1885.7906877522 3000.0000000000 0.0000000000 3000.0000000000 -0.0008416538 0.0000000000 FLYING
4.6600000000 2326.3698196092 0.0000000000 1891.7013406258 3000.0000000000 0.0000000000 3000.0000000000 -0.0008370692 -0.0000000000 FLYING
4.6700000000 2330.4332704828 0.0000000000 1897.6076886668 3000.0000000000 0.0000000000 3000.0000000000 -0.0008325000 0.0000000000 FLYING
4.6800000000 2334.4865147880 0.0000000000 1903.5097173131 3000.0000000000 0.0000000000 3000.0000000000 -0.0008279460 -0.0000000000 FLYING
4.6900000000 2338.5296010041 0.0000000000 1909.4074121928 3000.0000000000 0.0000000000 3000.0000000000 -0.0008234073 0.0000000000 FLYING
4.7000000000 2342.5625773965 0.0000000000 1915.3007591226 3000.0000000000 0.0000000000 3000.0000000000 -0.0008188838 -0.0000000000 FLYING
4.7100000000 2346.5854920172 0.0000000000 1921.1897441062 3000.0000000000 0.0000000000 3000.0000000000 -0.0008143755 0.0000000000 FLYING
4.7200000000 2350.5983927057 0.0000000000 1927.0743533326 3000.0000000000 0.0000000000 3000.0000000000 -0.0008098823 -0.0000000000 FLYING
4.7300000000 2354.6013270895 0.0000000000 1932.9545731743 3000.0000000000 0.0000000000 3000.0000000000 -0.0008054042 0.0000000000 FLYING
4.7400000000 2358.5943425845 0.0000000000 1938.8303901861 3000.0000000000 0.0000000000 3000.0000000000 -0.0008009411 -0.0000000000 FLYING
4.7500000000 2362.5774863958 0.0000000000 1944.7017911028 3000.0000000000 0.0000000000 3000.0000000000 -0.0007964931 0.0000000000 FLYING
4.7600000000 2366.5508055183 0.0000000000 1950.5687628385 3000.0000000000 0.0000000000 3000.0000000000 -0.0007920601 -0.0000000000 FLYING
4.7700000000 2370.5143467373 0.0000000000 1956.4312924841 3000.0000000000 0.0000000000 3000.0000000000 -0.0007876421 0.0000000000 FLYING
4.7800000000 2374.4681566292 0.0000000000 1962.2893673063 3000.0000000000 0.0000000000 3000.0000000000 -0.0007832390 -0.0000000000 FLYING
4.7900000000 2378.4122815617 0.0000000000 1968.1429747459 3000.0000000000 0.0000000000 3000.0000000000 -0.0007788508 0.0000000000 FLYING
4.8000000000 2382.3467676950 0.0000000000 1973.9921024162 3000.0000000000 0.0000000000 3000.0000000000 -0.0007744774 -0.0000000000 FLYING
4.8100000000 2386.2716609821 0.0000000000 1979.8367381015 3000.0000000000 0.0000000000 3000.0000000000 -0.0007701189 0.0000000000 FLYING
4.8200000000 2390.1870071694 0.0000000000 1985.6768697556 3000.0000000000 0.0000000000 3000.0000000000 -0.0007657752 -0.0000000000 FLYING
4.8300000000 2394.0928517974 0.0000000000 1991.5124855002 3000.0000000000 0.0000000000 3000.0000000000 -0.0007614462 0.0000000000 FLYING
4.8400000000 2397.9892402013 0.0000000000 1997.3435736235 3000.0000000000 0.0000000000 3000.0000000000 -0.0007571320 -0.0000000000 FLYING
4.8500000000 2401.8762175117 0.0000000000 2003.1701225788 3000.0000000000 0.0000000000 3000.0000000000 -0.0007528325 0.0000000000 FLYING
4.8600000000 2405.7538286549 0.0000000000 2008.9921209827 3000.0000000000 0.0000000000 3000.0000000000 -0.0007485476 -0.0000000000 FLYING
4.8700000000 2409.6221183542 0.0000000000 2014.8095576139 3000.0000000000 0.0000000000 3000.0000000000 -0.0007442773 0.0000000000 FLYING
4.8800000000 2413.4811311296 0.0000000000 2020.6224214118 3000.0000000000 0.0000000000 3000.0000000000 -0.0007400217 -0.0000000000 FLYING
4.8900000000 2417.3309112994 0.0000000000 2026.4307014748 3000.0000000000 0.0000000000 3000.0000000000 -0.0007357806 0.0000000000 FLYING
4.9000000000 2421.1715029800 0.0000000000 2032.2343870593 3000.0000000000 0.0000000000 3000.0000000000 -0.0007315540 -0.0000000000 FLYING
4.9100000000 2425.0029500869 0.0000000000 2038.0334675777 3000.0000000000 0.0000000000 3000.0000000000 -0.0007273419 0.0000000000 FLYING
4.9200000000 2428.8252963355 0.0000000000 2043.8279325976 3000.0000000000 0.0000000000 3000.0000000000 -0.0007231443 -0.0000000000 FLYING
4.9300000000 2432.6385852415 0.0000000000 2049.6177718400 3000.0000000000 0.0000000000 3000.0000000000 -0.0007189611 0.0000000000 FLYING
4.9400000000 2436.4428601212 0.0000000000 2055.4029751781 3000.0000000000 0.0000000000 3000.0000000000 -0.0007147924 -0.0000000000 FLYING
4.9500000000 2440.2381640930 0.0000000000 2061.1835326359 3000.0000000000 0.0000000000 3000.0000000000 -0.0007106379 0.0000000000 FLYING
4.9600000000 2444.0245400771 0.0000000000 2066.9594343867 3000.0000000000 0.0000000000 3000.0000000000 -0.0007064979 -0.0000000000 FLYING
4.9700000000 2447.8020307968 0.0000000000 2072.7306707522 3000.0000000000 0.0000000000 3000.0000000000 -0.0007023721 0.0000000000 FLYING
4.9800000000 2451.5706787787 0.0000000000 2078.4972322007 3000.0000000000 0.0000000000 3000.0000000000 -0.0006982606 -0.0000000000 FLYING
4.9900000000 2455.3305263536 0.0000000000 2084.2591093459 3000.0000000000 0.0000000000 3000.0000000000 -0.0006941634 0.0000000000 FLYING
5.0000000000 2459.0816156569 0.0000000000 2090.0162929458 3000.0000000000 0.0000000000 3000.0000000000 -0.0006900803 -0.0000000000 FLYING
5.0100000000 2462.8239886294 0.0000000000 2095.7687739012 3000.0000000000 0.0000000000 3000.0000000000 -0.0006860115 0.0000000000 FLYING
5.0200000000 2466.5576870180 0.0000000000 2101.5165432545 3000.0000000000 0.0000000000 3000.0000000000 -0.0006819568 -0.0000000000 FLYING
5.0300000000 2470.2827523760 0.0000000000 2107.2595921882 3000.0000000000 0.0000000000 3000.0000000000 -0.0006779162 0.0000000000 FLYING
5.0400000000 2473.9992260641 0.0000000000 2112.9979120242 3000.0000000000 0.0000000000 3000.0000000000 -0.0006738897 -0.0000000000 FLYING
5.0500000000 2477.7071492508 0.0000000000 2118.7314942218 3000.0000000000 0.0000000000 3000.0000000000 -0.0006698772 0.0000000000 FLYING
5.0600000000 2481.4065629129 0.0000000000 2124.4603303773 3000.0000000000 0.0000000000 3000.0000000000 -0.0006658789 -0.0000000000 FLYING
5.0700000000 2485.0975078366 0.0000000000 2130.1844122219 3000.0000000000 0.0000000000 3000.0000000000 -0.0006618945 0.0000000000 FLYING
5.0800000000 2488.7800246176 0.0000000000 2135.9037316212 3000.0000000000 0.0000000000 3000.0000000000 -0.0006579224 -0.0000000000 FLYING
5.0900000000 2492.4541536310 0.0000000000 2141.6182805049 3000.0000000000 0.0000000000 3000.0000000000 -0.0006539623 0.0000000000 FLYING
5.1000000000 2496.1199350216 0.0000000000 2147.3280508450 3000.0000000000 0.0000000000 3000.0000000000 -0.0006500163 -0.0000000000 FLYING
5.1100000000 2499.7774087459 0.0000000000 2153.0330347458 3000.0000000000 0.0000000000 3000.0000000000 -0.0006460844 0.0000000000 FLYING
5.1200000000 2503.4266145731 0.0000000000 2158.7332244425 3000.0000000000 0.0000000000 3000.0000000000 -0.0006421663 -0.0000000000 FLYING
5.1300000000 2507.0675920855 0.0000000000 2164.4286123004 3000.0000000000 0.0000000000 3000.0000000000 -0.0006382623 0.0000000000 FLYING
5.1400000000 2510.7003806796 0.0000000000 2170.1191908130 3000.0000000000 0.0000000000 3000.0000000000 -0.0006343721 -0.0000000000 FLYING
5.1500000000 2514.3250195660 0.0000000000 2175.8049526017 3000.0000000000 0.0000000000 3000.0000000000 -0.0006304958 0.0000000000 FLYING
5.1600000000 2517.9415477708 0.0000000000 2181.4858904141 3000.0000000000 0.0000000000 3000.0000000000 -0.0006266334 -0.0000000000 FLYING
5.1700000000 2521.5500041355 0.0000000000 2187.1619971230 3000.0000000000 0.0000000000 3000.0000000000 -0.0006227848 0.0000000000 FLYING
5.1800000000 2525.1504273183 0.0000000000 2192.8332657253 3000.0000000000 0.0000000000 3000.0000000000 -0.0006189501 -0.0000000000 FLYING
5.1900000000 2528.7428557939 0.0000000000 2198.4996893408 3000.0000000000 0.0000000000 3000.0000000000 -0.0006151291 0.0000000000 FLYING
5.2000000000 2532.3273278549 0.0000000000 2204.1612612114 3000.0000000000 0.0000000000 3000.0000000000 -0.0006113219 -0.0000000000 FLYING
5.2100000000 2535.9038816119 0.0000000000 2209.8179746994 3000.0000000000 0.0000000000 3000.0000000000 -0.0006075284 0.0000000000 FLYING
5.2200000000 2539.4725549942 0.0000000000 2215.4698232871 3000.0000000000 0.0000000000 3000.0000000000 -0.0006037486 -0.0000000000 FLYING
5.2300000000 2543.0333857504 0.0000000000 2221.1168005754 3000.0000000000 0.0000000000 3000.0000000000 -0.0005999824 0.0000000000 FLYING
5.2400000000 2546.5864114492 0.0000000000 2226.7589002826 3000.0000000000 0.0000000000 3000.0000000000 -0.0005962300 -0.0000000000 FLYING
5.2500000000 2550.1316694798 0.0000000000 2232.3961162436 3000.0000000000 0.0000000000 3000.0000000000 -0.0005924912 0.0000000000 FLYING
5.2600000000 2553.6691970524 0.0000000000 2238.0284424088 3000.0000000000 0.0000000000 3000.0000000000 -0.0005887659 -0.0000000000 FLYING
5.2700000000 2557.1990311989 0.0000000000 2243.6558728429 3000.0000000000 0.0000000000 3000.0000000000 -0.0005850543 0.0000000000 FLYING
5.2800000000 2560.7212087738 0.0000000000 2249.2784017242 3000.0000000000 0.0000000000 3000.0000000000 -0.0005813562 -0.0000000000 FLYING
5.2900000000 2564.2357664542 0.0000000000 2254.8960233433 3000.0000000000 0.0000000000 3000.0000000000 -0.0005776717 0.0000000000 FLYING
5.3000000000 2567.7427407407 0.0000000000 2260.5087321021 3000.0000000000 0.0000000000 3000.0000000000 -0.0005740007 -0.0000000000 FLYING
5.3100000000 2571.2421679581 0.0000000000 2266.1165225130 3000.0000000000 0.0000000000 3000.0000000000 -0.0005703432 0.0000000000 FLYING
5.3200000000 2574.7340842558 0.0000000000 2271.7193891978 3000.0000000000 0.0000000000 3000.0000000000 -0.0005666992 -0.0000000000 FLYING
5.3300000000 2578.2185256084 0.0000000000 2277.3173268868 3000.0000000000 0.0000000000 3000.0000000000 -0.0005630686 0.0000000000 FLYING
5.3400000000 2581.6955278162 0.0000000000 2282.9103304176 3000.0000000000 0.0000000000 3000.0000000000 -0.0005594514 -0.0000000000 FLYING
5.3500000000 2585.1651265060 0.0000000000 2288.4983947345 3000.0000000000 0.0000000000 3000.0000000000 -0.0005558477 0.0000000000 FLYING
5.3600000000 2588.6273571315 0.0000000000 2294.0815148874 3000.0000000000 0.0000000000 3000.0000000000 -0.0005522574 -0.0000000000 FLYING
5.3700000000 2592.0822549738 0.0000000000 2299.6596860307 3000.0000000000 0.0000000000 3000.0000000000 -0.0005486804 0.0000000000 FLYING
5.3800000000 2595.5298551423 0.0000000000 2305.2329034226 3000.0000000000 0.0000000000 3000.0000000000 -0.0005451169 -0.0000000000 FLYING
5.3900000000 2598.9701925748 0.0000000000 2310.8011624240 3000.0000000000 0.0000000000 3000.0000000000 -0.0005415666 0.0000000000 FLYING
5.4000000000 2602.4033020384 0.0000000000 2316.3644584980 3000.0000000000 0.0000000000 3000.0000000000 -0.0005380297 -0.0000000000 FLYING
5.4100000000 2605.8292181298 0.0000000000 2321.9227872083 3000.0000000000 0.0000000000 3000.0000000000 -0.0005345061 0.0000000000 FLYING
5.4200000000 2609.2479752762 0.0000000000 2327.4761442189 3000.0000000000 0.0000000000 3000.0000000000 -0.0005309958 -0.0000000000 FLYING
5.4300000000 2612.6596077354 0.0000000000 2333.0245252932 3000.0000000000 0.0000000000 3000.0000000000 -0.0005274988 0.0000000000 FLYING
5.4400000000 2616.0641495969 0.0000000000 2338.5679262927 3000.0000000000 0.0000000000 3000.0000000000 -0.0005240151 -0.0000000000 FLYING
5.4500000000 2619.4616347818 0.0000000000 2344.1063431765 3000.0000000000 0.0000000000 3000.0000000000 -0.0005205446 0.0000000000 FLYING
5.4600000000 2622.8520970438 0.0000000000 2349.6397720004 3000.0000000000 0.0000000000 3000.0000000000 -0.0005170874 0.0000000000 FLYING
5.4700000000 2626.2355699696 0.0000000000 2355.1682089160 3000.0000000000 0.0000000000 3000.0000000000 -0.0005136433 -0.0000000000 FLYING
5.4800000000 2629.6120869794 0.0000000000 2360.6916501699 3000.0000000000 0.0000000000 3000.0000000000 -0.0005102126 0.0000000000 FLYING
5.4900000000 2632.9816813275 0.0000000000 2366.2100921027 3000.0000000000 0.0000000000 3000.0000000000 -0.0005067950 -0.0000000000 FLYING
5.5000000000 2636.3443861026 0.0000000000 2371.7235311486 3000.0000000000 0.0000000000 3000.0000000000 -0.0005033906 0.0000000000 FLYING
5.5100000000 2639.7002342286 0.0000000000 2377.2319638342 3000.0000000000 0.0000000000 3000.0000000000 -0.0004999994 -0.0000000000 FLYING
5.5200000000 2643.0492584650 0.0000000000 2382.7353867780 3000.0000000000 0.0000000000 3000.0000000000 -0.0004966214 0.0000000000 FLYING
5.5300000000 2646.3914914074 0.0000000000 2388.2337966891 3000.0000000000 0.0000000000 3000.0000000000 -0.0004932566 -0.0000000000 FLYING
5.5400000000 2649.7269654879 0.0000000000 2393.7271903673 3000.0000000000 0.0000000000 3000.0000000000 -0.0004899050 0.0000000000 FLYING
5.5500000000 2653.0557129759 0.0000000000 2399.2155647015 3000.0000000000 0.0000000000 3000.0000000000 -0.0004865665 -0.0000000000 FLYING
5.5600000000 2656.3777659783 0.0000000000 2404.6989166693 3000.0000000000 0.0000000000 3000.0000000000 -0.0004832411 0.0000000000 FLYING
5.5700000000 2659.6931564400 0.0000000000 2410.1772433363 3000.0000000000 0.0000000000 3000.0000000000 -0.0004799290 -0.0000000000 FLYING
5.5800000000 2663.0019161444 0.0000000000 2415.6505418554 3000.0000000000 0.0000000000 3000.0000000000 -0.0004766300 0.0000000000 FLYING
5.5900000000 2666.3040767143 0.0000000000 2421.1188094656 3000.0000000000 0.0000000000 3000.0000000000 -0.0004733441 -0.0000000000 FLYING
5.6000000000 2669.5996696116 0.0000000000 2426.5820434920 3000.0000000000 0.0000000000 3000.0000000000 -0.0004700714 0.0000000000 FLYING
5.6100000000 2672.8887261383 0.0000000000 2432.0402413445 3000.0000000000 0.0000000000 3000.0000000000 -0.0004668119 0.0000000000 FLYING
5.6200000000 2676.1712774371 0.0000000000 2437.4934005176 3000.0000000000 0.0000000000 3000.0000000000 -0.0004635655 -0.0000000000 FLYING
5.6300000000 2679.4473544912 0.0000000000 2442.9415185891 3000.0000000000 0.0000000000 3000.0000000000 -0.0004603323 0.0000000000 FLYING
5.6400000000 2682.7169881253 0.0000000000 2448.3845932199 3000.0000000000 0.0000000000 3000.0000000000 -0.0004571122 -0.0000000000 FLYING
5.6500000000 2685.9802090060 0.0000000000 2453.8226221533 3000.0000000000 0.0000000000 3000.0000000000 -0.0004539053 0.0000000000 FLYING
5.6600000000 2689.2370476419 0.0000000000 2459.2556032141 3000.0000000000 0.0000000000 3000.0000000000 -0.0004507116 -0.0000000000 FLYING
5.6700000000 2692.4875343843 0.0000000000 2464.6835343082 3000.0000000000 0.0000000000 3000.0000000000 -0.0004475311 0.0000000000 FLYING
5.6800000000 2695.7316994276 0.0000000000 2470.1064134215 3000.0000000000 0.0000000000 3000.0000000000 -0.0004443637 -0.0000000000 FLYING
5.6900000000 2698.9695728096 0.0000000000 2475.5242386201 3000.0000000000 0.0000000000 3000.0000000000 -0.0004412096 0.0000000000 FLYING
5.7000000000 2702.2011844120 0.0000000000 2480.9370080488 3000.0000000000 0.0000000000 3000.0000000000 -0.0004380687 -0.0000000000 FLYING
5.7100000000 2705.4265639608 0.0000000000 2486.3447199309 3000.0000000000 0.0000000000 3000.0000000000 -0.0004349410 0.0000000000 FLYING
5.7200000000 2708.6457410266 0.0000000000 2491.7473725678 3000.0000000000 0.0000000000 3000.0000000000 -0.0004318266 -0.0000000000 FLYING
5.7300000000 2711.8587450250 0.0000000000 2497.1449643380 3000.0000000000 0.0000000000 3000.0000000000 -0.0004287254 0.0000000000 FLYING
5.7400000000 2715.0656052171 0.0000000000 2502.5374936966 3000.0000000000 0.0000000000 3000.0000000000 -0.0004256376 0.0000000000 FLYING
5.7500000000 2718.2663507095 0.0000000000 2507.9249591750 3000.0000000000 0.0000000000 3000.0000000000 -0.0004225630 -0.0000000000 FLYING
5.7600000000 2721.4610104553 0.0000000000 2513.3073593801 3000.0000000000 0.0000000000 3000.0000000000 -0.0004195018 0.0000000000 FLYING
5.7700000000 2724.6496132537 0.0000000000 2518.6846929938 3000.0000000000 0.0000000000 3000.0000000000 -0.0004164539 -0.0000000000 FLYING
5.7800000000 2727.8321877508 0.0000000000 2524.0569587725 3000.0000000000 0.0000000000 3000.0000000000 -0.0004134194 0.0000000000 FLYING
5.7900000000 2731.0087624398 0.0000000000 2529.4241555465 3000.0000000000 0.0000000000 3000.0000000000 -0.0004103983 -0.0000000000 FLYING
5.8000000000 2734.1793656612 0.0000000000 2534.7862822196 3000.0000000000 0.0000000000 3000.0000000000 -0.0004073907 0.0000000000 FLYING
5.8100000000 2737.3440256034 0.0000000000 2540.1433377686 3000.0000000000 0.0000000000 3000.0000000000 -0.0004043965 -0.0000000000 FLYING
5.8200000000 2740.5027703026 0.0000000000 2545.4953212424 3000.0000000000 0.0000000000 3000.0000000000 -0.0004014159 0.0000000000 FLYING
5.8300000000 2743.6556276432 0.0000000000 2550.8422317623 3000.0000000000 0.0000000000 3000.0000000000 -0.0003984488 -0.0000000000 FLYING
5.8400000000 2746.8026253583 0.0000000000 2556.1840685207 3000.0000000000 0.0000000000 3000.0000000000 -0.0003954953 0.0000000000 FLYING
5.8500000000 2749.9437910295 0.0000000000 2561.5208307814 3000.0000000000 0.0000000000 3000.0000000000 -0.0003925555 0.0000000000 FLYING
5.8600000000 2753.0791520875 0.0000000000 2566.8525178786 3000.0000000000 0.0000000000 3000.0000000000 -0.0003896294 -0.0000000000 FLYING
5.8700000000 2756.2087358122 0.0000000000 2572.1791292166 3000.0000000000 0.0000000000 3000.0000000000 -0.0003867170 0.0000000000 FLYING
5.8800000000 2759.3325693328 0.0000000000 2577.5006642695 3000.0000000000 0.0000000000 3000.0000000000 -0.0003838184 -0.0000000000 FLYING
5.8900000000 2762.4506796280 0.0000000000 2582.8171225809 3000.0000000000 0.0000000000 3000.0000000000 -0.0003809336 0.0000000000 FLYING
5.9000000000 2765.5630935264 0.0000000000 2588.1285037633 3000.0000000000 0.0000000000 3000.0000000000 -0.0003780628 -0.0000000000 FLYING
5.9100000000 2768.6698377062 0.0000000000 2593.4348074976 3000.0000000000 0.0000000000 3000.0000000000 -0.0003752060 0.0000000000 FLYING
5.9200000000 2771.7709386958 0.0000000000 2598.7360335331 3000.0000000000 0.0000000000 3000.0000000000 -0.0003723632 -0.0000000000 FLYING
5.9300000000 2774.8664228736 0.0000000000 2604.0321816870 3000.0000000000 0.0000000000 3000.0000000000 -0.0003695346 0.0000000000 FLYING
5.9400000000 2777.9563164679 0.0000000000 2609.3232518441 3000.0000000000 0.0000000000 3000.0000000000 -0.0003667201 -0.0000000000 FLYING
5.9500000000 2781.0406455576 0.0000000000 2614.6092439564 3000.0000000000 0.0000000000 3000.0000000000 -0.0003639200 0.0000000000 FLYING
5.9600000000 2784.1194360716 0.0000000000 2619.8901580429 3000.0000000000 0.0000000000 3000.0000000000 -0.0003611342 0.0000000000 FLYING
5.9700000000 2787.1927137891 0.0000000000 2625.1659941893 3000.0000000000 0.0000000000 3000.0000000000 -0.0003583629 -0.0000000000 FLYING
5.9800000000 2790.2605043395 0.0000000000 2630.4367525476 3000.0000000000 0.0000000000 3000.0000000000 -0.0003556062 0.0000000000 FLYING
5.9900000000 2793.3228332024 0.0000000000 2635.7024333364 3000.0000000000 0.0000000000 3000.0000000000 -0.0003528642 -0.0000000000 FLYING
6.0000000000 2796.3797257075 0.0000000000 2640.9630368400 3000.0000000000 0.0000000000 3000.0000000000 -0.0003501370 0.0000000000 FLYING
6.0100000000 2799.4312070345 0.0000000000 2646.2185634085 3000.0000000000 0.0000000000 3000.0000000000 -0.0003474247 -0.0000000000 FLYING
6.0200000000 2802.4773022127 0.0000000000 2651.4690134579 3000.0000000000 0.0000000000 3000.0000000000 -0.0003447274 0.0000000000 FLYING
6.0300000000 2805.5180361214 0.0000000000 2656.7143874694 3000.0000000000 0.0000000000 3000.0000000000 -0.0003420454 -0.0000000000 FLYING
6.0400000000 2808.5534334892 0.0000000000 2661.9546859900 3000.0000000000 0.0000000000 3000.0000000000 -0.0003393786 0.0000000000 FLYING
6.0500000000 2811.5835188936 0.0000000000 2667.1899096316 3000.0000000000 0.0000000000 3000.0000000000 -0.0003367274 0.0000000000 FLYING
6.0600000000 2814.6083167614 0.0000000000 2672.4200590716 3000.0000000000 0.0000000000 3000.0000000000 -0.0003340917 -0.0000000000 FLYING
6.0700000000 2817.6278513675 0.0000000000 2677.6451350524 3000.0000000000 0.0000000000 3000.0000000000 -0.0003314719 0.0000000000 FLYING
6.0800000000 2820.6421468352 0.0000000000 2682.8651383819 3000.0000000000 0.0000000000 3000.0000000000 -0.0003288681 -0.0000000000 FLYING
6.0900000000 2823.6512271352 0.0000000000 2688.0800699330 3000.0000000000 0.0000000000 3000.0000000000 -0.0003262805 0.0000000000 FLYING
6.1000000000 2826.6551160855 0.0000000000 2693.2899306439 3000.0000000000 0.0000000000 3000.0000000000 -0.0003237093 -0.0000000000 FLYING
6.1100000000 2829.6538373506 0.0000000000 2698.4947215184 3000.0000000000 0.0000000000 3000.0000000000 -0.0003211547 0.0000000000 FLYING
6.1200000000 2832.6474144407 0.0000000000 2703.6944436258 3000.0000000000 0.0000000000 3000.0000000000 -0.0003186170 -0.0000000000 FLYING
6.1300000000 2835.6358707115 0.0000000000 2708.8890981010 3000.0000000000 0.0000000000 3000.0000000000 -0.0003160964 0.0000000000 FLYING
6.1400000000 2838.6192293628 0.0000000000 2714.0786861450 3000.0000000000 0.0000000000 3000.0000000000 -0.0003135931 0.0000000000 FLYING
6.1500000000 2841.5975134380 0.0000000000 2719.2632090251 3000.0000000000 0.0000000000 3000.0000000000 -0.0003111076 -0.0000000000 FLYING
6.1600000000 2844.5707458232 0.0000000000 2724.4426680752 3000.0000000000 0.0000000000 3000.0000000000 -0.0003086400 0.0000000000 FLYING
6.1700000000 2847.5389492457 0.0000000000 2729.6170646962 3000.0000000000 0.0000000000 3000.0000000000 -0.0003061908 -0.0000000000 FLYING
6.1800000000 2850.5021462732 0.0000000000 2734.7864003563 3000.0000000000 0.0000000000 3000.0000000000 -0.0003037602 0.0000000000 FLYING
6.1900000000 2853.4603593125 0.0000000000 2739.9506765920 3000.0000000000 0.0000000000 3000.0000000000 -0.0003013487 -0.0000000000 FLYING
6.2000000000 2856.4136106078 0.0000000000 2745.1098950083 3000.0000000000 0.0000000000 3000.0000000000 -0.0002989566 0.0000000000 FLYING
6.2100000000 2859.3619222395 0.0000000000 2750.2640572791 3000.0000000000 0.0000000000 3000.0000000000 -0.0002965844 -0.0000000000 FLYING
6.2200000000 2862.3053161221 0.0000000000 2755.4131651490 3000.0000000000 0.0000000000 3000.0000000000 -0.0002942327 0.0000000000 FLYING
6.2300000000 2865.2438140027 0.0000000000 2760.5572204328 3000.0000000000 0.0000000000 3000.0000000000 -0.0002919018 0.0000000000 FLYING
6.2400000000 2868.1774374588 0.0000000000 2765.6962250178 3000.0000000000 0.0000000000 3000.0000000000 -0.0002895923 -0.0000000000 FLYING
6.2500000000 2871.1062078959 0.0000000000 2770.8301808637 3000.0000000000 0.0000000000 3000.0000000000 -0.0002873049 0.0000000000 FLYING
6.2600000000 2874.0301465453 0.0000000000 2775.9590900047 3000.0000000000 0.0000000000 3000.0000000000 -0.0002850402 -0.0000000000 FLYING
6.2700000000 2876.9492744612 0.0000000000 2781.0829545503 3000.0000000000 0.0000000000 3000.0000000000 -0.0002827989 0.0000000000 FLYING
6.2800000000 2879.8636125175 0.0000000000 2786.2017766870 3000.0000000000 0.0000000000 3000.0000000000 -0.0002805818 -0.0000000000 FLYING
6.2900000000 2882.7731814051 0.0000000000 2791.3155586802 3000.0000000000 0.0000000000 3000.0000000000 -0.0002783897 0.0000000000 FLYING
6.3000000000 2885.6780016277 0.0000000000 2796.4243028753 3000.0000000000 0.0000000000 3000.0000000000 -0.0002762235 0.0000000000 FLYING
6.3100000000 2888.5780934979 0.0000000000 2801.5280117008 3000.0000000000 0.0000000000 3000.0000000000 -0.0002740842 -0.0000000000 FLYING
6.3200000000 2891.4734771330 0.0000000000 2806.6266876696 3000.0000000000 0.0000000000 3000.0000000000 -0.0002719730 0.0000000000 FLYING
6.3300000000 2894.3641724500 0.0000000000 2811.7203333823 3000.0000000000 0.0000000000 3000.0000000000 -0.0002698910 -0.0000000000 FLYING
6.3400000000 2897.2501991599 0.0000000000 2816.8089515298 3000.0000000000 0.0000000000 3000.0000000000 -0.0002678396 0.0000000000 FLYING
6.3500000000 2900.1315767622 0.0000000000 2821.8925448963 3000.0000000000 0.0000000000 3000.0000000000 -0.0002658202 -0.0000000000 FLYING
6.3600000000 2903.0083245375 0.0000000000 2826.9711163632 3000.0000000000 0.0000000000 3000.0000000000 -0.0002638346 0.0000000000 FLYING
6.3700000000 2905.8804615405 0.0000000000 2832.0446689130 3000.0000000000 0.0000000000 3000.0000000000 -0.0002618845 0.0000000000 FLYING
6.3800000000 2908.7480065913 0.0000000000 2837.1132056338 3000.0000000000 0.0000000000 3000.0000000000 -0.0002599719 -0.0000000000 FLYING
6.3900000000 2911.6109782663 0.0000000000 2842.1767297243 3000.0000000000 0.0000000000 3000.0000000000 -0.0002580991 0.0000000000 FLYING
6.4000000000 2914.4693948870 0.0000000000 2847.2352444997 3000.0000000000 0.0000000000 3000.0000000000 -0.0002562688 -0.0000000000 FLYING
6.4100000000 2917.3232745087 0.0000000000 2852.2887533981 3000.0000000000 0.0000000000 3000.0000000000 -0.0002544837 0.0000000000 FLYING
6.4200000000 2920.1726349063 0.0000000000 2857.3372599882 3000.0000000000 0.0000000000 3000.0000000000 -0.0002527472 -0.0000000000 FLYING
6.4300000000 2923.0174935592 0.0000000000 2862.3807679770 3000.0000000000 0.0000000000 3000.0000000000 -0.0002510630 0.0000000000 FLYING
6.4400000000 2925.8578676334 0.0000000000 2867.4192812204 3000.0000000000 0.0000000000 3000.0000000000 -0.0002494354 0.0000000000 FLYING
6.4500000000 2928.6937739613 0.0000000000 2872.4528037337 3000.0000000000 0.0000000000 3000.0000000000 -0.0002478692 -0.0000000000 FLYING
6.4600000000 2931.5252290182 0.0000000000 2877.4813397045 3000.0000000000 0.0000000000 3000.0000000000 -0.0002463702 0.0000000000 FLYING
6.4700000000 2934.3522488954 0.0000000000 2882.5048935078 3000.0000000000 0.0000000000 3000.0000000000 -0.0002449449 -0.0000000000 FLYING
6.4800000000 2937.1748492683 0.0000000000 2887.5234697233 3000.0000000000 0.0000000000 3000.0000000000 -0.0002436012 0.0000000000 FLYING
6.4900000000 2939.9930453592 0.0000000000 2892.5370731558 3000.0000000000 0.0000000000 3000.0000000000 -0.0002423480 -0.0000000000 FLYING
6.5000000000 2942.8068518939 0.0000000000 2897.5457088595 3000.0000000000 0.0000000000 3000.0000000000 -0.0002411962 0.0000000000 FLYING
6.5100000000 2945.6162830487 0.0000000000 2902.5493821666 3000.0000000000 0.0000000000 3000.0000000000 -0.0002401587 0.0000000000 FLYING
6.5200000000 2948.4213523886 0.0000000000 2907.5480987220 3000.0000000000 0.0000000000 3000.0000000000 -0.0002392514 -0.0000000000 FLYING
6.5300000000 2951.2220727910 0.0000000000 2912.5418645253 3000.0000000000 0.0000000000 3000.0000000000 -0.0002384932 0.0000000000 FLYING
6.5400000000 2954.0184563528 0.0000000000 2917.5306859819 3000.0000000000 0.0000000000 3000.0000000000 -0.0002379077 -0.0000000000 FLYING
6.5500000000 2956.8105142763 0.0000000000 2922.5145699664 3000.0000000000 0.0000000000 3000.0000000000 -0.0002375246 0.0000000000 FLYING
6.5600000000 2959.5982567251 0.0000000000 2927.4935239021 3000.0000000000 0.0000000000 3000.0000000000 -0.0002373812 0.0000000000 FLYING
6.5700000000 2962.3816926428 0.0000000000 2932.4675558615 3000.0000000000 0.0000000000 3000.0000000000 -0.0002375257 -0.0000000000 FLYING
6.5800000000 2965.1608295178 0.0000000000 2937.4366746964 3000.0000000000 0.0000000000 3000.0000000000 -0.0002380211 0.0000000000 FLYING
6.5900000000 2967.9356730765 0.0000000000 2942.4008902078 3000.0000000000 0.0000000000 3000.0000000000 -0.0002389519 -0.0000000000 FLYING
6.6000000000 2970.7062268713 0.0000000000 2947.3602133743 3000.0000000000 0.0000000000 3000.0000000000 -0.0002404336 0.0000000000 FLYING
6.6100000000 2973.4724917176 0.0000000000 2952.3146566640 3000.0000000000 0.0000000000 3000.0000000000 -0.0002426285 0.0000000000 FLYING
6.6200000000 2976.2344649001 0.0000000000 2957.2642344741 3000.0000000000 0.0000000000 3000.0000000000 -0.0002457728 -0.0000000000 FLYING
6.6300000000 2978.9921390196 0.0000000000 2962.2089637706 3000.0000000000 0.0000000000 3000.0000000000 -0.0002502236 0.0000000000 FLYING
6.6400000000 2981.7455002476 0.0000000000 2967.1488650552 3000.0000000000 0.0000000000 3000.0000000000 -0.0002565476 0.0000000000 FLYING
6.6500000000 2984.4945255551 0.0000000000 2972.0839639025 3000.0000000000 0.0000000000 3000.0000000000 -0.0002657013 -0.0000000000 FLYING
6.6600000000 2987.2391780336 0.0000000000 2977.0142935537 3000.0000000000 0.0000000000 3000.0000000000 -0.0002794340 0.0000000000 FLYING
6.6700000000 2989.9793983330 0.0000000000 2981.9398996645 3000.0000000000 0.0000000000 3000.0000000000 -0.0003013157 -0.0000000000 FLYING
6.6800000000 2992.7150871839 0.0000000000 2986.8608499963 3000.0000000000 0.0000000000 3000.0000000000 -0.0003398854 0.0000000000 FLYING
6.6900000000 2995.4460635753 0.0000000000 2991.7772576050 3000.0000000000 0.0000000000 3000.0000000000 -0.0004214292 -0.0000000000 FLYING
6.7000000000 2998.1719359696 0.0000000000 2996.6893522396 3000.0000000000 0.0000000000 3000.0000000000 -0.0006752024 0.0000000000 FLYING
6.7100000000 3000.8914688406 -0.0000000000 3001.5978314280 3000.0000000000 0.0000000000 3000.0000000000 -0.0032810151 -0.0000000000 SUCCESSFUL_INTERCEPT
