TIME COMMAND DEFL
0.0 0.0 0.0
0.008 0.0 0.0
0.016 0.0 0.0
0.024 0.0 0.0
0.032 -3.2281391884266796e-06 0.0
0.04 -6.622832792214889e-06 -5.165022701482688e-07
0.048 -3.5441608966824517e-07 -2.7537806928407044e-06
0.056 -2.8506698635412745e-06 -5.535571628244339e-06
0.064 -6.92487211263056e-06 -5.286315651277156e-06
0.07200000000000001 -1.4088161019620278e-05 -2.6379422301895303e-06
0.08000000000000002 -2.319343697966147e-05 -3.539030063602116e-06
0.08800000000000002 -3.413822894564639e-05 -1.2489541979116605e-05
0.09600000000000003 -4.687085822819655e-05 -2.7508393169324614e-05
0.10400000000000004 -6.134873401065565e-05 -4.227468036560656e-05
0.11200000000000004 -7.753583775023001e-05 -5.3072917382145776e-05
0.12000000000000005 -9.54129329386745e-05 -6.267077967423383e-05
0.12800000000000006 -0.00011497540601380331 -7.696555397679593e-05
0.13600000000000007 -0.00013621327243100158 -9.835358441578962e-05
0.14400000000000007 -0.00015909396875450022 -0.00012321869145609884
0.15200000000000008 -0.00018356985482783798 -0.00014611876236653165
0.1600000000000001 -0.00020960445120106686 -0.0001658001472362803
0.1680000000000001 -0.00023718693085475763 -0.0001863689994588554
0.1760000000000001 -0.0002796603209671683 -0.0002125381399956143
0.1840000000000001 -0.00031681656595153215 -0.0002465439802236493
0.19200000000000012 -0.00035562039362768596 -0.00028770541187410267
0.20000000000000012 -0.0003959940340118654 -0.00033086634474154697
0.20800000000000013 -0.0004378583580287873 -0.00037020359163982745
0.21600000000000014 -0.00048116811414778966 -0.0004058738781386108
0.22400000000000014 -0.0005259273355314795 -0.00044365697922422515
0.23200000000000015 -0.0005721400830083462 -0.0004883883584169082
0.24000000000000016 -0.0006197519894076133 -0.0005386854963681648
0.24800000000000016 -0.000668651620312359 -0.0005887011124835478
0.25600000000000017 -0.0007187342554531593 -0.000634675221281476
0.2640000000000002 -0.000769957831714191 -0.0006788993309869506
0.2720000000000002 -0.000822326395481183 -0.0007268727706344265
0.2800000000000002 -0.0008758174580760597 -0.0007810763283199175
0.2880000000000002 -0.0009303350045271957 -0.0008383338683272503
0.2960000000000002 -0.0009857432471339163 -0.0008934831169160396
0.3040000000000002 -0.0010419452317104302 -0.0009450451290708261
0.3120000000000002 -0.0010989179720159875 -0.0009965962750932587
0.32000000000000023 -0.0011566632193516096 -0.0010525451777236188
0.32800000000000024 -0.0012151283015515687 -0.0011131998992065034
0.33600000000000024 -0.0012741866302672749 -0.001174554380389775
0.34400000000000025 -0.0013337011761247422 -0.0012328008434712985
0.35200000000000026 -0.0013936003634129007 -0.0012884056953250981
0.36000000000000026 -0.001453880861702508 -0.001345314224138667
0.36800000000000027 -0.0015145336060693835 -0.001406392268801372
0.3760000000000003 -0.0015754761338221523 -0.0014702729171947228
0.3840000000000003 -0.0016365677206338718 -0.0015329851020730494
0.3920000000000003 -0.001697690755528027 -0.0015923461625726274
0.4000000000000003 -0.001758807116558411 -0.0016501802931332948
0.4080000000000003 -0.0018199263421979537 -0.0017100488971637027
0.4160000000000003 -0.001881021595984499 -0.0017732000793974898
0.4240000000000003 -0.002033316504906723 -0.001837252698136228
0.43200000000000033 -0.0021117112062310687 -0.0019135246739269544
0.44000000000000034 -0.0021895998909851376 -0.0020229165827703186
0.44800000000000034 -0.002266532509946878 -0.002149795944953559
0.45600000000000035 -0.0023415408662598876 -0.0022480897495582323
0.46400000000000036 -0.0024140474941945584 -0.002299263789546172
0.47200000000000036 -0.002484757229818694 -0.002333683437049451
0.48000000000000037 -0.002554946532218291 -0.002396025390560475
0.4880000000000004 -0.002625051273628373 -0.002496317236598639
0.4960000000000004 -0.002694177542953778 -0.0026011581729875957
0.5040000000000003 -0.002761086726668763 -0.002672630124926719
0.5120000000000003 -0.0028255432132561925 -0.0027098835599947808
0.5200000000000004 -0.0028885219529210075 -0.002747945534612688
0.5280000000000004 -0.002951067264350108 -0.0028174872520581626
0.5360000000000004 -0.0030130990274206512 -0.002911633702295343
0.5440000000000004 -0.0030734951553428357 -0.0029955870615130395
0.5520000000000004 -0.0031313320005001556 -0.0030461115284555825
0.5600000000000004 -0.00318687953025902 -0.003076128730321107
0.5680000000000004 -0.0032412523527592125 -0.0031184985717112104
0.5760000000000004 -0.011327775518132957 -0.0031890478053531062
0.5840000000000004 -0.012174553811075095 -0.004555560128947285
0.5920000000000004 -0.012860760614498295 -0.008960390442686945
0.6000000000000004 -0.013423956634000296 -0.014497602519335146
0.6080000000000004 -0.013575525253662816 -0.01676264495983265
0.6160000000000004 -0.013149475910927744 -0.01442897826192405
0.6240000000000004 -0.012412771566191933 -0.01073735912437833
0.6320000000000005 -0.011815326243990508 -0.009768586140071214
0.6400000000000005 -0.01154075934434682 -0.012068522765849717
0.6480000000000005 -0.011376679635888638 -0.014461588428908129
0.6560000000000005 -0.011011773854757467 -0.01389158152508091
0.6640000000000005 -0.010394771105329957 -0.010768279527625772
0.6720000000000005 -0.009766063444930705 -0.008238345305934803
0.6800000000000005 -0.009369138745652239 -0.008538366346818586
0.6880000000000005 -0.00919270515708439 -0.010649170809679137
0.6960000000000005 -0.008242158385447482 -0.011687160555893814
0.7040000000000005 -0.007914496806626436 -0.010077479772738016
0.7120000000000005 -0.007479962594892465 -0.0071064334967334076
0.7200000000000005 -0.007132434317940122 -0.005517004133136957
0.7280000000000005 -0.006990025954389372 -0.006513361994118652
0.7360000000000005 -0.006972491184935477 -0.008494808445050387
0.7440000000000005 -0.006897871382167313 -0.008976115016547352
0.7520000000000006 -0.006682563011140515 -0.007334885624389983
0.7600000000000006 -0.006416690701819475 -0.005330232669062527
0.7680000000000006 -0.006246389386501263 -0.004999844895827049
0.7760000000000006 -0.006209748601185451 -0.006419822001456996
0.7840000000000006 -0.006206794068281888 -0.007768744859159454
0.7920000000000006 -0.006088186017999132 -0.007449395241276333
0.8000000000000006 -0.005879145976851904 -0.005802255136245764
0.8080000000000006 -0.005682400212754614 -0.004583152732554729
0.8160000000000006 -0.005581761111842811 -0.004951837323849386
0.8240000000000006 -0.005559159676410076 -0.006261605424325909
0.8320000000000006 -0.005526696525621451 -0.006896503906733915
0.8400000000000006 -0.0054287572776345015 -0.006099225088494472
0.8480000000000006 -0.005294085689919443 -0.004734874726960516
0.8560000000000006 -0.005197978001662007 -0.004236791579719907
0.8640000000000007 -0.005173090939279992 -0.0050071336833130515
0.8720000000000007 -0.005015756927002723 -0.006048617341398387
0.8800000000000007 -0.004840254263320712 -0.006117117056060625
0.8880000000000007 -0.0046347309310800135 -0.005055765863493934
0.8960000000000007 -0.004439760760743754 -0.003909192149387431
0.9040000000000007 -0.004296967091514151 -0.003744918135624088
0.9120000000000007 -0.004204483447221232 -0.004505463048858065
0.9200000000000007 -0.004123632975900665 -0.005145486165828425
0.9280000000000007 -0.004025643979477243 -0.0048297090359145384
0.9360000000000007 -0.0039158942648106375 -0.003828553987180283
0.9440000000000007 -0.003827050519100392 -0.0031580580744614674
0.9520000000000007 -0.0039672012805287175 -0.0034300239711103457
0.9600000000000007 -0.003757605345149131 -0.004239167072970641
0.9680000000000007 -0.003907252489520505 -0.004644774789370464
0.9760000000000008 -0.004050978752813261 -0.004183967096172684
0.9840000000000008 -0.004193632833631686 -0.003419736242640823
0.9920000000000008 -0.0043504994795933545 -0.0033047905919850904
1.0000000000000007 -0.004528523138386755 -0.004075865979871301
1.0080000000000007 -0.004719594098987227 -0.005010384158864099
1.0160000000000007 -0.004905749293055759 -0.00525540724356662
1.0240000000000007 -0.005077448864475509 -0.004763314274719899
1.0320000000000007 -0.005245898859964015 -0.004301425021611053
1.0400000000000007 -0.005426006567084572 -0.004569459423573855
1.0480000000000007 -0.005618349890852963 -0.0054355932477740026
1.0560000000000007 -0.005807336824531993 -0.006121044828275435
1.0640000000000007 -0.0059901820678166 -0.006082944970292014
1.0720000000000007 -0.006184458785402201 -0.005596340584997172
1.0800000000000007 -0.006377236464303193 -0.005417792078611879
1.0880000000000007 -0.006579645552932018 -0.005938596053011615
1.0960000000000008 -0.006784989335571676 -0.006771426000796553
1.1040000000000008 -0.006973726989535544 -0.007207038027407232
1.1120000000000008 -0.007133076356250228 -0.0070019009694122
1.1200000000000008 -0.007269424807112875 -0.00661619659233157
1.1280000000000008 -0.007399249178807265 -0.006670526290987018
1.1360000000000008 -0.007528461151162139 -0.00725704256223591
1.1440000000000008 -0.007643402888700611 -0.007865819903034055
1.1520000000000008 -0.007723912694119673 -0.007973095709300142
1.1600000000000008 -0.007764080272068814 -0.007611766000422879
1.1680000000000008 -0.0077772845014279605 -0.007301751473320122
1.1760000000000008 -0.007779542762436454 -0.007452646287361256
1.1840000000000008 -0.0077697512930809155 -0.007921492429186787
1.1920000000000008 -0.007729163308759846 -0.008199697210471365
1.2000000000000008 -0.007640994738074191 -0.007988014322998591
1.2080000000000009 -0.007508265747363125 -0.007508706611078678
1.2160000000000009 -0.0073496459350444274 -0.007229951405174529
1.2240000000000009 -0.007176985149470828 -0.007339198348054158
1.2320000000000009 -0.0065312393262285575 -0.007555647517818064
1.2400000000000009 -0.006341777213345641 -0.007393044455079788
1.2480000000000009 -0.006106464142799896 -0.00667832008064772
1.256000000000001 -0.00583915383753229 -0.005863091292966145
1.264000000000001 -0.005569185206034796 -0.005549609624410026
1.272000000000001 -0.00530938013404977 -0.005772180968612493
1.280000000000001 -0.005037404647077479 -0.005974048154173479
1.288000000000001 -0.004719061261447069 -0.0056434026279314625
1.296000000000001 -0.004346718244014254 -0.004863204298032565
1.304000000000001 -0.003948868218933343 -0.004176788560519284
1.312000000000001 -0.003559263044342406 -0.00396203929017971
1.320000000000001 -0.003180109005755469 -0.004031925946953336
1.328000000000001 -0.002781058802559875 -0.0038812893034105463
1.336000000000001 -0.0023355550630663113 -0.003262810151805095
1.344000000000001 -0.0018535834362671567 -0.0024383105604205797
1.352000000000001 -0.0013735395750248038 -0.0018555642167133797
1.360000000000001 -0.0009221392555287438 -0.0016482781600600674
1.368000000000001 -0.00048768674579361716 -0.0015194237976787382
1.376000000000001 -4.6482063121151135e-05 -0.0011042417495349933
1.384000000000001 0.0003193296381530865 -0.0003781404601308246
1.392000000000001 0.0006611724482281987 0.000323998403925987
1.400000000000001 0.0009420268906736649 0.0006727026104100698
1.408000000000001 0.001154112528617193 0.0006955174921355605
1.416000000000001 0.0013248705354181496 0.0007237885070734555
1.424000000000001 0.001484533540540821 0.0010094668409313032
1.432000000000001 0.0016325890417836306 0.001461065666308421
1.440000000000001 0.0017401882960999242 0.0017754274910001884
1.448000000000001 0.0017837558307558074 0.0017861112325589276
1.456000000000001 0.0017710685237798448 0.001630559790436833
1.464000000000001 0.0017317086998077488 0.0015722236582040585
1.472000000000001 0.0016845816564336395 0.001703768104647866
1.480000000000001 0.0016195309995539918 0.0018647626740672814
1.488000000000001 0.001512269187493363 0.0018420762699092037
1.496000000000001 0.0010669371875134943 0.0016076241924597133
1.5040000000000011 0.0008651250082444774 0.0012858844096238706
1.5120000000000011 0.0006525457713947994 0.000982501589557787
1.5200000000000011 0.00044102466100365403 0.0007552415669779031
1.5280000000000011 0.00022691756475643024 0.0006019594652910224
1.5360000000000011 -6.827282988953174e-07 0.00044843190829015734
1.5440000000000011 -0.0002460750428241329 0.00022457130517323216
1.5520000000000012 -0.0005061214084844318 -6.697873175134047e-05
1.5600000000000012 -0.0007675951232625428 -0.00036262681174337424
1.5680000000000012 -0.0010221201608360134 -0.000610067948339343
1.5760000000000012 -0.0012717777710031474 -0.0008191601656089261
1.5840000000000012 -0.0015228837402892273 -0.001041664159418877
1.5920000000000012 -0.0017758288568628297 -0.001310235395689163
1.6000000000000012 -0.002022309187544158 -0.0016047085396438904
1.6080000000000012 -0.0022521965804366446 -0.0018766779748514825
1.6160000000000012 -0.002461778264834476 -0.002099649703737674
1.6240000000000012 -0.0026544981970103346 -0.0022903770079581295
1.6320000000000012 -0.002834235809107075 -0.002483656360331818
1.6400000000000012 -0.002999088048493993 -0.002692444047089021
1.6480000000000012 -0.0031422155584094657 -0.002895582046014155
1.6560000000000012 -0.003258087470321589 -0.0030617218151940623
1.6640000000000013 -0.0033469314610910803 -0.0031804703032468455
1.6720000000000013 -0.003412898562767294 -0.003268613524128458
1.6800000000000013 -0.0034585935846733027 -0.0033486690695195822
1.6880000000000013 -0.0034821600571159107 -0.0034249262258420742
1.6960000000000013 -0.0034602326343789575 -0.0034810671332401594
1.7040000000000013 -0.0034115173634864703 -0.003495634353569152
1.7120000000000013 -0.0033402542870656646 -0.003459636677325981
1.7200000000000013 -0.0032515697308633535 -0.003386287917308849
1.7280000000000013 -0.003149067230670571 -0.0033009571684696768
1.7360000000000013 -0.0030335993822406446 -0.003217973552437969
1.7440000000000013 -0.0029047909931229953 -0.003129586423575389
1.7520000000000013 -0.002763506526097748 -0.0030178975184702262
1.7600000000000013 -0.002612668614932555 -0.0028761142286310654
1.7680000000000013 -0.0023573467143656233 -0.002716751683337388
1.7760000000000014 -0.002245092469560622 -0.0025435208555194978
1.7840000000000014 -0.0021318082145216463 -0.002351632886627939
1.7920000000000014 -0.0020201341307230915 -0.0021760376178143422
1.8000000000000014 -0.0019166712256550552 -0.0020631959673535986
1.8080000000000014 -0.0018234625170914448 -0.0020033739696085117
1.8160000000000014 -0.0017326926232922896 -0.001939625307177825
1.8240000000000014 -0.00163417543792344 -0.0018309513615466576
1.8320000000000014 -0.0015257826854148235 -0.0016923456374043117
1.8400000000000014 -0.0014149407641045157 -0.0015694889310356999
1.8480000000000014 -0.0013098963398235877 -0.0014835391866278838
1.8560000000000014 -0.0012169381396653625 -0.001410632713429883
1.8640000000000014 -0.0011244005265234715 -0.0013154011726024522
1.8720000000000014 -0.0010267873870836353 -0.0011940016971632922
1.8800000000000014 -0.0009260714971760968 -0.0010750499626730808
1.8880000000000015 -0.0008293698161944336 -0.000982789668665673
1.8960000000000015 -0.0007412005361966299 -0.0009098335356497535
1.9040000000000015 -0.0006592517267538665 -0.0008294864145840836
1.9120000000000015 -0.0005779372049118392 -0.0007292418295308711
1.9200000000000015 -0.0004951947077594335 -0.0006244634799470184
1.9280000000000015 -0.00041482661080879165 -0.0005381599402789837
1.9360000000000015 -0.0003422066171660774 -0.00047355417883770284
1.9440000000000015 -0.00027861050030713 -0.00041229234716970366
1.9520000000000015 -0.00022049164174059422 -0.00033836271969473863
1.9600000000000015 -0.000164067543786864 -0.0002574871360036868
1.9680000000000015 -0.00010971537376802698 -0.00018924749536757479
1.9760000000000015 -6.136219951992871e-05 -0.00014303359891670045
1.9840000000000015 -2.198715896625336e-05 -0.00010744884566450804
1.9920000000000015 9.465225132459067e-06 -6.513747911141765e-05
2.0000000000000013 3.64847132899367e-05 -1.409634332334038e-05
2.0080000000000013 5.932451832766413e-05 3.0307095441568636e-05
2.0160000000000013 7.574118551096189e-05 5.4026730913849547e-05
2.0240000000000014 8.421541761849112e-05 6.045030193051697e-05
2.0320000000000014 8.41391029491388e-05 6.538750895630042e-05
2.0400000000000014 -6.861476430499933e-05 7.804208507285522e-05
2.0480000000000014 -0.00012099665468291916 6.718309531702802e-05
2.0560000000000014 -0.0001792714478230428 -1.872011956285751e-05
2.0640000000000014 -0.00024284684363674175 -0.00015980732826881337
2.0720000000000014 -0.0003106214072502399 -0.0002685514072688175
2.0800000000000014 -0.00038004976733369445 -0.0002963820225898783
2.0880000000000014 -0.0004478235445785724 -0.0002878663707030771
2.0960000000000014 -0.0005118547992822642 -0.0003276323654282185
2.1040000000000014 -0.0005718766841258091 -0.00044394689237970585
2.1120000000000014 -0.0006279357966201069 -0.0005778694205250314
2.1200000000000014 -0.0006788549526796467 -0.0006500829407667542
2.1280000000000014 -0.0007226987508388876 -0.0006479538028475934
2.1360000000000015 -0.0007586300035026873 -0.0006357542664937425
2.1440000000000015 -0.0007876769057665284 -0.0006797608109174863
2.1520000000000015 -0.0008112767199629298 -0.0007745014335194062
2.1600000000000015 -0.000829366991065751 -0.0008516209566910428
2.1680000000000015 -0.0008403688736558163 -0.0008579728305672153
2.1760000000000015 -0.0008460505072626109 -0.0008135268658216613
2.1840000000000015 -0.0008451746600548879 -0.0007864234738818185
2.1920000000000015 -0.000840124086251526 -0.000816378843628769
2.2000000000000015 -0.0008320356475203898 -0.0008725405068293145
2.2080000000000015 -0.0008198236755361746 -0.0008909945215168076
2.2160000000000015 -0.0008018845385326147 -0.000847114105070883
2.2240000000000015 -0.0007785178987405793 -0.0007809802947603266
2.2320000000000015 -0.0007521619156546063 -0.0007501996714210929
2.2400000000000015 -0.000725117264451555 -0.0007659803926306617
2.2480000000000016 -0.0006974254089791227 -0.0007838568933157505
2.2560000000000016 -0.0006673885453988475 -0.0007562940703060186
2.2640000000000016 -0.0006340989263943995 -0.0006857345283165615
2.2720000000000016 -0.0005990103822501999 -0.0006195830089549491
2.2800000000000016 -0.0005647263774965429 -0.0005959497870769365
2.2880000000000016 -0.0005324336074193474 -0.0006027553379071853
2.2960000000000016 -0.0005009714736942594 -0.0005944497963076418
2.3040000000000016 -0.0005383914933380289 -0.0005445290186317912
2.3120000000000016 -0.0005524897388973554 -0.0004850684355888228
2.3200000000000016 -0.0005704196020029123 -0.0004807282833656132
2.3280000000000016 -0.0005939699719416948 -0.0005470599668851596
2.3360000000000016 -0.000624764184775494 -0.000625670624181104
2.3440000000000016 -0.0006584721456311437 -0.000652330352915535
2.3520000000000016 -0.0006878224945572511 -0.0006282368925067036
2.3600000000000017 -0.0007079114931084384 -0.0006140603615277212
2.3680000000000017 -0.0007196611107643249 -0.0006563812862695019
2.3760000000000017 -0.0007269112285572926 -0.0007326321808572043
2.3840000000000017 -0.0007310536845949571 -0.0007768332291436684
2.3920000000000017 -0.0007295270232963592 -0.0007545505294760055
2.4000000000000017 -0.0007193747725991258 -0.0007004249869694969
2.4080000000000017 -0.0007011146376266604 -0.0006767877766759844
2.4160000000000017 -0.000678291915951511 -0.0007026501761153297
2.4240000000000017 -0.0006536243163291685 -0.0007341857092117546
2.4320000000000017 -0.000626567569173876 -0.0007167862317266206
2.4400000000000017 -0.000601253927613939 -0.000647358609742086
2.4480000000000017 -0.0005765249899609011 -0.0005774176194419703
2.4560000000000017 -0.000552258487447907 -0.0005561917470148414
2.4640000000000017 -0.0005312212544469084 -0.0005777276056098145
2.4720000000000018 -0.0005129376427308644 -0.0005902473919863397
2.4800000000000018 -0.000494899577580489 -0.0005558151033951104
2.4880000000000018 -0.0004762501007331883 -0.0004917271959659589
2.4960000000000018 -0.00045911701441157284 -0.0004484717349294224
2.504000000000002 -0.00044623480351969457 -0.00045233265034598925
2.512000000000002 -0.00043783551485338814 -0.00047820901001457673
2.520000000000002 -0.00043145493635728474 -0.0004807246701424174
2.528000000000002 -0.0004247392479033047 -0.00044556246783484957
2.536000000000002 -0.0004179112403343967 -0.00040312453992184913
2.544000000000002 -0.0004131402523229492 -0.00039196196921465897
2.552000000000002 -0.00041172958000674836 -0.00041560423197507
2.560000000000002 -0.0004124502759367346 -0.0004407808455314064
2.568000000000002 -0.00041284450784870503 -0.00043623463388268026
2.576000000000002 -0.0004963345999432505 -0.00040670725041502993
2.584000000000002 -0.000539315508516832 -0.00039858372467104614
2.592000000000002 -0.0005862195842563963 -0.00045900012518449774
2.600000000000002 -0.0006372085947171039 -0.000569862176033718
2.608000000000002 -0.0006925616753759598 -0.000658811033427517
2.616000000000002 -0.0007497445862941448 -0.0006831718523471633
2.624000000000002 -0.000802551787919761 -0.0006763065223756408
2.632000000000002 -0.0008457160366834744 -0.0007065463386550131
2.640000000000002 -0.0008786016376336537 -0.0007970137166921788
2.648000000000002 -0.000903869032184425 -0.0008976726791188861
2.656000000000002 -0.000923351297054531 -0.0009406675937621365
2.664000000000002 -0.0009360945899221551 -0.0009154826301046022
2.672000000000002 -0.0009402547680670759 -0.0008790722090099278
2.680000000000002 -0.0009358887736137416 -0.0008907696324940341
2.688000000000002 -0.0009251604296917631 -0.0009464017296883075
2.696000000000002 -0.0009101177548777975 -0.0009851580219106914
2.704000000000002 -0.0008910408734812088 -0.0009594722199147432
2.712000000000002 -0.0008672300542714908 -0.0008881064345126523
2.720000000000002 -0.0008389309669138221 -0.0008338448436308835
2.728000000000002 -0.0008078541868128055 -0.0008331189060868091
2.736000000000002 -0.0007757547568085672 -0.0008574309679893208
2.744000000000002 -0.0007430166662809009 -0.0008481956760197761
2.752000000000002 -0.0007090180551810818 -0.0007835100086678681
2.760000000000002 -0.000673721481225897 -0.0007015758890727272
2.768000000000002 -0.0006384384155323649 -0.0006566260782384491
2.776000000000002 -0.0006048149297802833 -0.0006589891193428007
2.784000000000002 -0.00057333786246937 -0.0006662561238444686
2.792000000000002 -0.000543226062313613 -0.0006330176142937706
2.800000000000002 -0.0005139947762379938 -0.0005615547852836699
2.808000000000002 -0.0004865854146891093 -0.0004975148859666421
2.816000000000002 -0.0004622944663637623 -0.00047802194789695935
2.824000000000002 -0.00044193694564173113 -0.0004916839694624044
2.832000000000002 -0.0004248932605946413 -0.0004938702709638865
2.840000000000002 -0.00041003501684010223 -0.0004577097452208832
2.848000000000002 -0.00039717848616084355 -0.00040291466138274066
2.856000000000002 -0.00038734936345022624 -0.0003718446961336071
2.864000000000002 -0.00038157476474164954 -0.0003818763725320752
2.872000000000002 -0.00037963897556450056 -0.00040768493894626244
2.880000000000002 -0.00038025760532820916 -0.00041131984752200364
2.888000000000002 -0.00038244821225303424 -0.0003844734858237459
2.896000000000002 -0.00038650239980927504 -0.0003558742224596874
2.904000000000002 -0.0003934598747644992 -0.0003576069712128252
2.912000000000002 -0.00040372429824433987 -0.00038959840569690056
2.920000000000002 -0.0004164273699791101 -0.0004213378778881966
2.928000000000002 -0.0004302487242574197 -0.0004268591112592792
2.936000000000002 -0.0004447193310229611 -0.00041274546787181487
2.944000000000002 -0.00046051921203353044 -0.0004088583870916588
2.952000000000002 -0.000478465651800541 -0.0004340914181241389
2.960000000000002 -0.0004983789571024134 -0.0004761178764891242
2.968000000000002 -0.0005191133251011731 -0.0005065062804568033
2.976000000000002 -0.0005396789259289536 -0.0005125829118457664
2.984000000000002 -0.0005601539852571032 -0.0005101705128726444
2.992000000000002 -0.0005813706821710481 -0.0005243913509778839
3.000000000000002 -0.0006037734378782965 -0.0005614462295763806
3.0080000000000022 -0.0006267632028232671 -0.0006027898017124175
3.0160000000000022 -0.0006492454719244958 -0.0006267273852623709
3.0240000000000022 -0.0006707205046364851 -0.0006321542571778881
3.0320000000000022 -0.0006916745685442573 -0.0006383491655357332
3.0400000000000023 -0.0007128640323853143 -0.0006625120344745503
3.0480000000000023 -0.0007343380324455331 -0.000700965596349062
3.0560000000000023 -0.0007553024052335564 -0.0007343382505563534
3.0640000000000023 -0.0007749404851774957 -0.0007495779877227805
3.0720000000000023 -0.0007932336369321326 -0.00075370090458482
3.0800000000000023 -0.0008108680498489215 -0.0007647762363003496
3.0880000000000023 -0.0008283725817710132 -0.0007914237129241066
3.0960000000000023 -0.0008454813737501405 -0.0008239328534044811
3.1040000000000023 -0.0008614191645827357 -0.0008459603797606292
3.1120000000000023 -0.0008757483246452618 -0.0008527281237859776
3.1200000000000023 -0.0008888103042575851 -0.0008554483229335531
3.1280000000000023 -0.0009012914669289811 -0.0008680330607626443
3.1360000000000023 -0.0009134369613593368 -0.0008917274450325918
3.1440000000000023 -0.0009248004917016428 -0.0009145596505244297
3.1520000000000024 -0.0009347794729161106 -0.0009252438905491941
3.1600000000000024 -0.0009433026674281925 -0.0009254352060523554
3.1680000000000024 -0.0009509017994428816 -0.0009270849252257795
3.1760000000000024 -0.000958119828689307 -0.0009387576456740266
3.1840000000000024 -0.0009649437927637932 -0.0009565479427861894
3.1920000000000024 -0.0009708863455933491 -0.0009691888845005652
3.2000000000000024 -0.0009755902209612078 -0.0009708445475222029
3.2080000000000024 -0.0009792599537733438 -0.0009671399431880213
3.2160000000000024 -0.0009824543569892938 -0.0009683121569578428
3.2240000000000024 -0.000985503509812013 -0.0009778029725862822
3.2320000000000024 -0.0009882126352999494 -0.0009890192834115282
3.2400000000000024 -0.000990161771258081 -0.000993237463642124
3.2480000000000024 -0.0009912367824929694 -0.000989294176660413
3.2560000000000024 -0.0009917942002591353 -0.0009843944811317893
3.2640000000000025 -0.000992299932090012 -0.0009857603339542996
3.2720000000000025 -0.000992869246375934 -0.000992830201447907
3.2800000000000025 -0.0009932184554771674 -0.0009984589392167762
3.2880000000000025 -0.0009930561583895857 -0.0009971968107190035
3.2960000000000025 -0.0009924579392247353 -0.0009911561690485195
3.3040000000000025 -0.0009918145231318175 -0.0009872498757567026
3.3120000000000025 -0.0009914361827595823 -0.0009893982717074747
3.3200000000000025 -0.0009912677626573543 -0.0009945261263258004
3.3280000000000025 -0.000991019290858989 -0.0009964404175551729
3.3360000000000025 -0.0009905429173996054 -0.0009928271162328792
3.3440000000000025 -0.000990027986901354 -0.0009875436900195673
3.3520000000000025 -0.000989812298631665 -0.0009860415948292434
3.3600000000000025 -0.0009900403468105566 -0.0009893722074221908
3.3680000000000025 -0.0009905519282797201 -0.0009933898652896684
3.3760000000000026 -0.0009911079699852807 -0.0009936555389903807
3.3840000000000026 -0.000991684915413145 -0.000990313698431046
3.3920000000000026 -0.0009925349577526482 -0.0009876446140264516
3.4000000000000026 -0.0009911042977687194 -0.000989155280991305
3.4080000000000026 -0.0009900084354855874 -0.0009934108091163181
3.4160000000000026 -0.0009890438546267522 -0.0009952990285750534
3.4240000000000026 -0.0009880964213877085 -0.0009919690046777138
3.4320000000000026 -0.0009873656072106546 -0.0009862807424952185
3.4400000000000026 -0.0009872265157395066 -0.0009835762443873707
3.4480000000000026 -0.0009878690141555393 -0.0009858832788409955
3.4560000000000026 -0.0009891415173230121 -0.0009900722757784654
3.4640000000000026 -0.0009907632620647232 -0.0009916940525010456
3.4720000000000026 -0.0009926522466683597 -0.000989932744448768
3.4800000000000026 -0.0009950068866575027 -0.0009882379200037601
3.4880000000000027 -0.0009980724613387743 -0.0009902828786622886
3.4960000000000027 -0.0010018699192316882 -0.0009959792850738156
3.5040000000000027 -0.0010061843938585107 -0.0010018587296324454
3.5120000000000027 -0.0010108067309793193 -0.0010050791400827148
3.5200000000000027 -0.0010157474306151143 -0.0010064467602890579
3.5280000000000027 -0.0010211933705610355 -0.0010092581259429508
3.5360000000000027 -0.0010272737622777476 -0.0010155315277017999
3.5440000000000027 -0.001033903608175638 -0.001023903602771621
3.5520000000000027 -0.0010408688497087254 -0.0010313413658852265
3.5600000000000027 -0.0010480431998736092 -0.0010365287762893098
3.5680000000000027 -0.0010554922546706187 -0.0010411371929851378
3.5760000000000027 -0.0010633609393533743 -0.0010477657693334279
3.5840000000000027 -0.0010716827844000723 -0.001057032784293045
3.5920000000000027 -0.0010803237082993868 -0.0010670295324134184
3.6000000000000028 -0.0010891112848918313 -0.001075548868588192
3.6080000000000028 -0.001097995790637144 -0.0010824673204669
3.6160000000000028 -0.0011070665212924863 -0.0010896922076218166
3.6240000000000028 -0.0011164168484773303 -0.001098915812168271
3.632000000000003 -0.00112601565996255 -0.0011097727627732603
3.640000000000003 -0.0011357239558662817 -0.0011203636878499336
3.648000000000003 -0.0011454277559198674 -0.0011293993383375137
3.656000000000003 -0.001155134793631224 -0.0011375228026378062
3.664000000000003 -0.001164933231880661 -0.0011464418177248058
3.672000000000003 -0.0011748676398562485 -0.001156976054550929
3.680000000000003 -0.0011848727686219302 -0.001168214295043375
3.688000000000003 -0.0011948324232558837 -0.0011786092375726304
3.696000000000003 -0.0012046902575569202 -0.0011876786725130422
3.704000000000003 -0.0012144887143870266 -0.0011964266848686709
3.712000000000003 -0.0012242994953308216 -0.0012061262683848153
3.720000000000003 -0.0012341290663301922 -0.001216904617577022
3.728000000000003 -0.0012439033290608378 -0.0012276765935987184
3.736000000000003 -0.001253541990090998 -0.0012373962050869435
3.744000000000003 -0.0012630353137036141 -0.0012461723203186469
3.752000000000003 -0.0012724400287889596 -0.0012550518364040216
3.760000000000003 -0.001281804970459599 -0.001264805793217261
3.768000000000003 -0.0012911122345193957 -0.0012751071740708254
3.776000000000003 -0.001300296280198877 -0.0012849602230018892
3.784000000000003 -0.001309314312217222 -0.001293822048107396
3.792000000000003 -0.0013181878303423385 -0.0013021506539848025
3.800000000000003 -0.001326972547431712 -0.0013108298603956457
3.808000000000003 -0.0013356946413539126 -0.0013201781805428233
3.816000000000003 -0.0013443248253183974 -0.0013296453276160304
3.824000000000003 -0.0013528153397229668 -0.00133847263006352
3.832000000000003 -0.001361154970807491 -0.0013465299473194626
3.840000000000003 -0.0013693811258311797 -0.0013544102680229694
3.848000000000003 -0.0013775391150178773 -0.0013627356897801788
3.856000000000003 -0.0013856366639477882 -0.0013714851220541307
3.864000000000003 -0.0013936431739459778 -0.0013800693160989947
3.872000000000003 -0.001401531049687934 -0.0013880155381048413
3.880000000000003 -0.0014093111000864724 -0.0013954750901896047
3.888000000000003 -0.0014170240950537026 -0.0014030179513292323
3.896000000000003 -0.001424700896505978 -0.0014109904490794088
3.904000000000003 -0.0014323366409826758 -0.0014191637450148755
3.912000000000003 -0.0014399057807597253 -0.0014270313860136475
3.920000000000003 -0.0014473985368143407 -0.0014343850037865655
3.928000000000003 -0.0014548376321183761 -0.0014415243516053742
3.936000000000003 -0.0014622586485164813 -0.0014489019973031568
3.944000000000003 -0.001469677983825897 -0.0014566296058743848
3.952000000000003 -0.0014770839801110664 -0.0014643902657975531
3.960000000000003 -0.0014844590158631344 -0.0014718210347926374
3.968000000000003 -0.001491806259647388 -0.001478916409617346
3.976000000000003 -0.001499151743512467 -0.0014860146681404984
3.984000000000003 -0.0015065213551813624 -0.0014934132530292567
3.992000000000003 -0.0015139195202896708 -0.0015010571420755185
4.000000000000003 -0.0015213324844109786 -0.0015086317509806224
4.008000000000003 -0.0015287507484396386 -0.001515929375754684
4.016000000000003 -0.0015361849040534817 -0.001523072184509984
4.024000000000003 -0.0015436582174891988 -0.0015303613422238437
4.032000000000003 -0.0015511857356608236 -0.0015379435886409428
4.040000000000003 -0.0015587635310207217 -0.001545669627479759
4.048000000000003 -0.0015663789408274834 -0.0015532830382306356
4.056000000000003 -0.001574029120454209 -0.0015607104942830686
4.064000000000003 -0.0015817272010350395 -0.0015681317585105761
4.072000000000003 -0.0015894903273450446 -0.0015757703149754916
4.080000000000003 -0.0015968590513484584 -0.0015836520956269895
4.088000000000003 -0.0016034839104212926 -0.001591521275170902
4.096000000000003 -0.0016102343429500675 -0.0015989053664554457
4.104000000000003 -0.0016171257727730158 -0.0016055014185107535
4.112000000000003 -0.0016242345558251103 -0.0016116677810960479
4.120000000000003 -0.0016317007259578661 -0.0016182303050423185
4.128000000000003 -0.0016396392264517586 -0.0016257011844726622
4.136000000000003 -0.0016480480466425818 -0.0016338646633783827
4.144000000000003 -0.0016568279320656784 -0.0016421576837179774
4.152000000000003 -0.0016658894900691452 -0.001650351073577027
4.160000000000003 -0.0016752286281103957 -0.001658762041157111
4.168000000000003 -0.001684896019441032 -0.0016678287554969156
4.176000000000003 -0.0016949071390177496 -0.0016775941846564313
4.184000000000003 -0.001705197682461686 -0.0016876798645287816
4.192000000000003 -0.0017156685556426465 -0.001697722681839232
4.200000000000003 -0.0017262630360636313 -0.0017077406549722007
4.208000000000003 -0.0017369899931775888 -0.001718033696917841
4.216000000000003 -0.001747874346956017 -0.001728784079578824
4.224000000000003 -0.001758896371226676 -0.001739834183018197
4.232000000000003 -0.0017699868233225476 -0.0017508678573169888
4.240000000000003 -0.0017810774163145946 -0.0017617479936503618
4.248000000000003 -0.0017921464353453874 -0.0017726171228911352
4.256000000000003 -0.0018032109625866007 -0.0017836758032165109
4.264000000000003 -0.0018142799899613952 -0.0017949226232956954
4.272000000000003 -0.0018253233632159244 -0.0018061514828059473
4.280000000000003 -0.0018362884684082785 -0.0018171814454439495
4.288000000000003 -0.0018471415437033485 -0.0018280357717509266
4.296000000000003 -0.0018578863583140078 -0.0018388735679752844
4.304000000000003 -0.0018685425237893486 -0.001849776792735358
4.312000000000003 -0.001879111221357734 -0.0018606485791335676
4.320000000000003 -0.0018895667142223697 -0.001871327462430478
4.328000000000003 -0.001899879972178105 -0.0018817668134651956
4.336000000000003 -0.0019100453072364658 -0.0018920686419975391
4.344000000000003 -0.0019200807983799676 -0.0019023461674853904
4.352000000000003 -0.0019300048001809635 -0.001912587433935587
4.360000000000003 -0.0019398164573320841 -0.00192267630382423
4.368000000000003 -0.001949500770376338 -0.0019325338200660324
4.376000000000003 -0.0019590499284681926 -0.0019422076998462077
4.384000000000003 -0.0019684758967097346 -0.0019518106030941478
4.392000000000003 -0.00197780144347003 -0.001961389180033521
4.400000000000003 -0.0019870415634211554 -0.001970879740754346
4.408000000000003 -0.0019961963649192966 -0.001980195847290326
4.416000000000003 -0.002005261750821396 -0.001989338048386351
4.424000000000003 -0.0020142442137876105 -0.0019983974468660206
4.432000000000003 -0.0020231630938108884 -0.002007455099890605
4.440000000000003 -0.0020320390941243813 -0.0020164992409045686
4.448000000000003 -0.0020408829297798377 -0.0020254547945340604
4.456000000000003 -0.0020496963275288115 -0.002034285052860127
4.464000000000003 -0.0020584828190491067 -0.002043044440231889
4.472000000000003 -0.0020672553852534438 -0.002051823876156925
4.480000000000003 -0.002076032860844944 -0.0020606566976596966
4.488000000000003 -0.0020848301594561715 -0.0020694950646341762
4.496000000000003 -0.002093653582498167 -0.0020782805949076367
4.504000000000003 -0.0021025057026855544 -0.0020870238371894136
4.512000000000003 -0.0021113933623611485 -0.002095801036520129
4.520000000000003 -0.002120329624503511 -0.0021046754356556616
4.528000000000003 -0.0021293281367377225 -0.00211363625261426
4.536000000000003 -0.0021383968618488266 -0.0021226241625857743
4.544000000000003 -0.0021475380847767373 -0.0021316104904936777
4.552000000000003 -0.0021567539781085685 -0.0021406376254983275
4.560000000000003 -0.0021660509778682127 -0.0021497762997422535
4.568000000000003 -0.0021754382534945214 -0.0021590517172276973
4.576000000000003 -0.0021849225700473736 -0.0021684236025653315
4.584000000000003 -0.002194505587928791 -0.002177840473224706
4.592000000000003 -0.0022041863290967615 -0.0021873035742753545
4.600000000000003 -0.0022139655473116266 -0.0021968678034422493
4.608000000000003 -0.002223846971307321 -0.002206581266601924
4.616000000000003 -0.0022338343742166976 -0.0022164342536212093
4.624000000000003 -0.002243928166917198 -0.002226374712360382
4.632000000000003 -0.002254125377615039 -0.002236369945547329
4.640000000000003 -0.002264422733498795 -0.0022464431851399414
4.648000000000003 -0.002274819134481435 -0.002256645098704175
4.656000000000003 -0.002285314848328825 -0.002266995096830603
4.664000000000003 -0.002295908676457732 -0.002277459603836116
4.672000000000003 -0.00230659649460702 -0.0022879900057909933
4.680000000000003 -0.0023173727196392348 -0.0022985751604172487
4.688000000000003 -0.0023282328330760395 -0.002309249140874175
4.696000000000003 -0.002339174074917222 -0.0023200476535984176
4.704000000000003 -0.0023501937329339206 -0.0023309641885323287
4.712000000000003 -0.002361287207501183 -0.0023419548694562442
4.720000000000003 -0.0023724480988621876 -0.002352984365206485
4.728000000000003 -0.0023836700963141546 -0.002364059834682746
4.736000000000003 -0.0023949484342585085 -0.0023752157343502065
4.744000000000003 -0.0024062793485186496 -0.0023864687803894745
4.752000000000003 -0.0024176583477375224 -0.002397794613565325
4.760000000000003 -0.002429079389262378 -0.002409151085634925
4.768000000000003 -0.0024405358656413136 -0.0024205200811832366
4.776000000000003 -0.0024520221903654724 -0.0024319205950071466
4.784000000000003 -0.002463534180104462 -0.0024433800184469217
4.792000000000003 -0.0024750679202645972 -0.002454897578912196
4.800000000000003 -0.002486618537782037 -0.002466440869994772
4.808000000000003 -0.0024981803094789616 -0.002477977686154489
4.816000000000003 -0.00250974792272146 -0.0024895061702987463
4.824000000000003 -0.002521317409899999 -0.0025010500329702063
4.832000000000003 -0.0025328857417188464 -0.0025126259422408154
4.840000000000003 -0.0025444496454052287 -0.0025242205881455186
4.848000000000003 -0.002556005052989694 -0.0025358022884553375
4.856000000000003 -0.0025675477817763076 -0.002547352543450113
4.864000000000003 -0.002579074615679326 -0.0025588816754190547
4.872000000000003 -0.002590583550396324 -0.0025704121397198375
4.8800000000000034 -0.0026020729819201255 -0.00258194963483329
4.8880000000000035 -0.0026135408224812716 -0.002593474530066784
4.8960000000000035 -0.002624984550381494 -0.0026049619902683307
4.9040000000000035 -0.002636402085818313 -0.0026164070901508905
4.9120000000000035 -0.0026477924567851275 -0.0026278269817156686
4.9200000000000035 -0.002659155512263256 -0.002639238962312732
4.9280000000000035 -0.002670419214424795 -0.0026506398938202624
4.9360000000000035 -0.0026794333579563045 -0.0026619980578412267
4.9440000000000035 -0.0026882577796597832 -0.0026729168069701804
4.9520000000000035 -0.0026968937186483445 -0.0026825590276990667
4.9600000000000035 -0.0027053748241336103 -0.0026906794151385326
4.9680000000000035 -0.002713793321456939 -0.002698245664177039
4.9760000000000035 -0.0027222569775333457 -0.0027065111033829745
4.9840000000000035 -0.0027308095088359186 -0.0027157566528048624
4.9920000000000035 -0.002739415519658868 -0.002725130810453041
5.0000000000000036 -0.0027480270206462687 -0.002733699739408912
5.008000000000004 -0.002756655836534363 -0.0027414924687753257
5.016000000000004 -0.0027653739937862154 -0.0027494190917915925
5.024000000000004 -0.0027742474131958227 -0.0027582403044735665
5.032000000000004 -0.002783279811848894 -0.0027677755740398123
5.040000000000004 -0.002792426743334123 -0.0027771869507067694
5.048000000000004 -0.0028016591923995153 -0.0027859490657979767
5.056000000000004 -0.0028110040646612345 -0.0027944050574510645
5.064000000000004 -0.00282051945696987 -0.0028033403578138433
5.072000000000004 -0.002830236392266205 -0.0028131104930762016
5.080000000000004 -0.0028401326094130734 -0.0028232988811424395
5.088000000000004 -0.002850164389982249 -0.00283323283627373
5.096000000000004 -0.0028603177245324837 -0.002842734264724771
5.104000000000004 -0.0028706221931544 -0.002852276725648968
5.112000000000004 -0.0028811155384778566 -0.0028624256390557315
5.120000000000004 -0.0028918010596339578 -0.00287322166991567
5.128000000000004 -0.002902644450943132 -0.0028841772769571303
5.136000000000004 -0.0029136105395470846 -0.00289484250322896
5.144000000000004 -0.0029246972961903058 -0.002905285146686694
5.152000000000004 -0.0029359307436871707 -0.0029159738464760105
5.160000000000004 -0.00294732938269438 -0.00292723687125282
5.168000000000004 -0.0029588789399394104 -0.002938913883131398
5.176000000000004 -0.002970543915102861 -0.0029505615907873257
5.184000000000004 -0.0029823006576743987 -0.0029619482474036295
5.192000000000004 -0.0029941547034333157 -0.00297328079854106
5.200000000000004 -0.0030061250031758096 -0.002984940361296292
5.208000000000004 -0.0030182147233469856 -0.0029970499181812007
5.216000000000004 -0.00303040120424645 -0.0030093540470783626
5.224000000000004 -0.003042654429272938 -0.003021516337438233
5.232000000000004 -0.0030549618926784994 -0.0030334809868280315
5.240000000000004 -0.0030673326179072916 -0.00304550322942809
5.248000000000004 -0.00307977771372753 -0.003057841499236203
5.256000000000004 -0.0030922903413048456 -0.003070470025663772
5.264000000000004 -0.0031048467682897067 -0.0030831206874958276
5.272000000000004 -0.003117425724804064 -0.00309558347215327
5.280000000000004 -0.0031300237720565793 -0.003107921083557334
5.288000000000004 -0.0031426504730769425 -0.0031203725971021084
5.296000000000004 -0.003155310220089497 -0.0031330742815753924
5.304000000000004 -0.00316799140352542 -0.0031459132757926467
5.312000000000004 -0.003180674032429043 -0.00315866195086093
5.320000000000004 -0.0031933461296631367 -0.0031712262152169546
5.328000000000004 -0.0032060105357170385 -0.003183730786345796
5.336000000000004 -0.0032186755649047396 -0.003196361875176187
5.344000000000004 -0.003231340893699353 -0.0032091558908961637
5.352000000000004 -0.0032439942904483035 -0.00322196658912898
5.360000000000004 -0.0032566218512043972 -0.003234632471012913
5.368000000000004 -0.003269219620839033 -0.0032471482337327975
5.376000000000004 -0.003281793948487329 -0.0032596547312839087
5.384000000000004 -0.003294351087996655 -0.003272272182540442
5.392000000000004 -0.0033068881169970323 -0.0032849688187797806
5.400000000000004 -0.003319394862889859 -0.0032976041782347264
5.408000000000004 -0.003331863872735559 -0.003310086929948209
5.416000000000004 -0.0033442970148968654 -0.0033224679570577503
5.424000000000004 -0.003356701839154354 -0.00333487304851743
5.432000000000004 -0.003369082421161817 -0.0033473601294347465
5.440000000000004 -0.003381434997395709 -0.0033598610227553506
5.448000000000004 -0.00339375270959435 -0.003372264226299747
5.456000000000004 -0.0034060335999469963 -0.0033845385314881255
5.464000000000004 -0.003418282948457294 -0.0033967607933363
5.472000000000004 -0.0034305078540034888 -0.003409025101697339
5.480000000000004 -0.0034427105015987568 -0.0034213404717023397
5.488000000000004 -0.003454887471706907 -0.003433628452163112
5.496000000000004 -0.003467035345246816 -0.003445815649425896
5.504000000000004 -0.003479156037964238 -0.003457913989532277
5.512000000000004 -0.0034912561034212337 -0.003470002902250741
5.520000000000004 -0.0035033412086107126 -0.0034821400724041455
5.528000000000004 -0.0035154121071806297 -0.003494302570066026
5.536000000000004 -0.0035274663253690164 -0.003506419655463064
5.544000000000004 -0.0035395032772647995 -0.0035184548752017837
5.552000000000004 -0.0035515269994635438 -0.0035304450087028033
5.560000000000004 -0.0035635437185002916 -0.0035424570187564046
5.568000000000004 -0.003575557263199928 -0.0035545156817519594
5.576000000000004 -0.0035875674295411017 -0.0035665822833114242
5.584000000000004 -0.003599572821588888 -0.003578603538139198
5.592000000000004 -0.0036115747397139093 -0.0035905725785672408
5.600000000000004 -0.0036235778217856888 -0.003602535193536142
5.608000000000004 -0.003635586983118416 -0.0036145386789215666
5.616000000000004 -0.0036476042351868093 -0.0036265828636033864
5.624000000000004 -0.003659628819006133 -0.0036386260503638163
5.632000000000004 -0.0036716602447361673 -0.003650635319677548
5.640000000000004 -0.0036837007221079813 -0.0036626235070180177
5.648000000000004 -0.003695754395724567 -0.0036746338920480574
5.656000000000004 -0.0037078244504112224 -0.003686693053977021
5.664000000000004 -0.0037199113715686003 -0.0036987852086292922
5.672000000000004 -0.0037320141464833563 -0.0037108741395135473
5.680000000000004 -0.0037441328796650516 -0.003722945459182568
5.688000000000004 -0.0037562698859395817 -0.00373502201411958
5.696000000000004 -0.003768428195256206 -0.003747137794437978
5.704000000000004 -0.003780609281297567 -0.003759301637403861
5.712000000000004 -0.003792812526242243 -0.003771490702106573
5.720000000000004 -0.0038050368671831104 -0.0037836785405534813
5.728000000000004 -0.003817282679903711 -0.0037958648522437503
5.736000000000004 -0.003829551848771464 -0.0038080746486659823
5.744000000000004 -0.0038418460881178055 -0.0038203300136740188
5.752000000000004 -0.003854165464450756 -0.0038326270166514588
5.760000000000004 -0.0038665087034955884 -0.0038449423410438083
5.768000000000004 -0.0038788748178130565 -0.0038572602553081418
5.776000000000004 -0.003891264200375044 -0.0038695892735579763
5.784000000000004 -0.0039036780481977807 -0.0038819512758844653
5.792000000000004 -0.003916116870704707 -0.0038943568968405917
5.800000000000004 -0.003928579768712875 -0.003906794800007704
5.808000000000004 -0.003941065209318544 -0.003919245399865277
5.816000000000004 -0.0039535723513073415 -0.0039317023933454626
5.824000000000004 -0.003966101453315968 -0.003944178261848276
5.832000000000004 -0.0039786529995164644 -0.003956688994335765
5.840000000000004 -0.003991226590572603 -0.0039692360856411575
5.848000000000004 -0.0040038208214180394 -0.003981805468704223
5.856000000000004 -0.004016434208705347 -0.003994383284962136
5.864000000000004 -0.004029066092282142 -0.004006970211056668
5.872000000000004 -0.004041716544826311 -0.0040195789744619445
5.880000000000004 -0.004054385468251607 -0.004032218992796693
5.888000000000004 -0.0040670719201718695 -0.004044885692942486
5.896000000000004 -0.004079774385849175 -0.004057565710499749
5.904000000000004 -0.004092491635462986 -0.004070251182985398
5.912000000000004 -0.004105223201455088 -0.004082947025911948
5.920000000000004 -0.0041179689940409854 -0.004095663853143305
5.928000000000004 -0.004130728540096196 -0.004108405256200083
5.936000000000004 -0.004143500700441856 -0.0041211636088930425
5.944000000000004 -0.00415628413885017 -0.004133928306404345
5.952000000000004 -0.004166705695180648 -0.004146696623711591
5.960000000000004 -0.004175995630334875 -0.004159095705185974
5.968000000000004 -0.004185380691362443 -0.004170084867427899
5.976000000000004 -0.004194892827966252 -0.004179033372500916
5.984000000000004 -0.004204648021547571 -0.004186952948434898
5.992000000000004 -0.004214825650202949 -0.004195779968281423
6.000000000000004 -0.004225543783378116 -0.004206476139868818
6.0080000000000044 -0.004236775367865079 -0.004218215977127621
6.0160000000000045 -0.0042484079653321025 -0.004229510106980966
6.0240000000000045 -0.004260378420719706 -0.004239918700585164
6.0320000000000045 -0.004272734878863531 -0.004250464141465022
6.0400000000000045 -0.004285567538052797 -0.0042624094087968046
6.0480000000000045 -0.004298895398845031 -0.004275865371400078
6.0560000000000045 -0.004312636094652851 -0.004289755368976591
6.0640000000000045 -0.0043266851763146255 -0.00430306745442397
6.0720000000000045 -0.00434101044931697 -0.00431593184548807
6.0800000000000045 -0.004355658388101123 -0.0043293685734315775
6.0880000000000045 -0.004370673251411031 -0.004344087033805706
6.0960000000000045 -0.004386023926955575 -0.004359717700845689
6.1040000000000045 -0.004401617334843736 -0.004375275812692183
6.1120000000000045 -0.004417377037338587 -0.004390254639078515
6.1200000000000045 -0.004433296850668266 -0.004405110647042154
6.1280000000000046 -0.004449413681944669 -0.004420662751337459
6.136000000000005 -0.004465735803841979 -0.004437145630546876
6.144000000000005 -0.004482208057155108 -0.00445397343709535
6.152000000000005 -0.004498748840921057 -0.004470413803180553
6.160000000000005 -0.0045153131808631395 -0.004486367104775716
6.168000000000005 -0.004531911637224468 -0.004502396075930384
6.176000000000005 -0.004548568316662398 -0.004519033814538657
6.184000000000005 -0.0045652685286163884 -0.004536180067807575
6.192000000000005 -0.0045819537281343095 -0.004553234969841328
6.200000000000005 -0.004598565508979353 -0.00456976605403108
6.208000000000005 -0.004615087149277666 -0.004585941055110558
6.216000000000005 -0.004631538014277027 -0.0046022748504163285
6.224000000000005 -0.004647930761443129 -0.00461902048888927
6.232000000000005 -0.00466424074986359 -0.004635894875556911
6.240000000000005 -0.004680419840802846 -0.00465241078146984
6.248000000000005 -0.004696436104652553 -0.004668405896417686
6.256000000000005 -0.004712294380065816 -0.004684177911876706
6.264000000000005 -0.004728016983521743 -0.004700110085346577
6.272000000000005 -0.00474360867015177 -0.00471623511986239
6.280000000000005 -0.004759045045575685 -0.0047322167282788305
6.288000000000005 -0.00477429507049643 -0.0047477357872213344
6.296000000000005 -0.004789350520087206 -0.004762828787348139
6.304000000000005 -0.00480422990515348 -0.004777814013049909
6.312000000000005 -0.0048189546202184975 -0.004792918414824766
6.320000000000005 -0.0048335253285469925 -0.004808034980787102
6.328000000000005 -0.004847924078594498 -0.004822864388920758
6.336000000000005 -0.00486213772770087 -0.004837256306054619
6.344000000000005 -0.004876175525397212 -0.004851362864839249
6.352000000000005 -0.004890062209008088 -0.0048654519080733975
6.360000000000005 -0.004903815976543378 -0.004879610141168528
6.368000000000005 -0.0049174363246103185 -0.0048936681551676135
6.376000000000005 -0.004930914047049053 -0.004907411493374273
6.384000000000005 -0.004944250699351292 -0.004920825230815322
6.392000000000005 -0.004957465597191855 -0.004934102805146171
6.400000000000005 -0.004970583676959601 -0.004947427850131542
6.408000000000005 -0.004983618811562993 -0.004960784529012693
6.416000000000005 -0.004996570929825784 -0.004974000839048928
6.424000000000005 -0.005009438865461878 -0.004986959392524308
6.432000000000005 -0.005022233666627814 -0.004999732652359837
6.440000000000005 -0.005034977820355433 -0.005012500904888452
6.448000000000005 -0.0050476922728534815 -0.005025359257203627
6.456000000000005 -0.005060386203774023 -0.0050382327685425665
6.464000000000005 -0.005073060336835404 -0.005050983857354905
6.472000000000005 -0.00508571904166209 -0.00506357978857745
6.480000000000005 -0.005098377335070201 -0.005076132692144796
6.488000000000005 -0.005111055529501226 -0.005088778188801832
6.496000000000005 -0.0051237682484777045 -0.005101537522074789
6.504000000000005 -0.005136520105024882 -0.005114314958703288
6.512000000000005 -0.005149312141657821 -0.005127022834559262
6.520000000000005 -0.005162151141225069 -0.005139687787607078
6.528000000000005 -0.005175051436461118 -0.005152423494730644
6.536000000000005 -0.005188027808714105 -0.005165309865128639
6.544000000000005 -0.005201087846627716 -0.005178317821020864
6.552000000000005 -0.005214232062543401 -0.005191358370911887
6.560000000000005 -0.005227460997622999 -0.0052043928273932
6.568000000000005 -0.005240781031621388 -0.005217478972961953
6.576000000000005 -0.005254202678681999 -0.0052307075159027565
6.584000000000005 -0.005267733798717134 -0.005244106625330674
6.592000000000005 -0.00528137548307319 -0.005257621378648808
6.600000000000005 -0.005295124863549854 -0.005271184947065401
6.608000000000005 -0.005308981250345203 -0.005284796703105695
6.616000000000005 -0.005322948679572976 -0.005298521234991379
6.624000000000005 -0.005337032396854876 -0.005312415278525727
6.632000000000005 -0.0053512335836759265 -0.005326467968581952
6.640000000000005 -0.00536554820556702 -0.005340618855240876
6.648000000000005 -0.005379970928150008 -0.005354828170754234
6.656000000000005 -0.005394499474381428 -0.005369118504753841
6.664000000000005 -0.00540913468352144 -0.005383544368585432
6.672000000000005 -0.00542387657384694 -0.005398128363485465
6.680000000000005 -0.005438721029338343 -0.005412836407073561
6.688000000000005 -0.005453660693400998 -0.005427616326376104
6.696000000000005 -0.005468688805400869 -0.005442452877966438
6.704000000000005 -0.005483801620323689 -0.005457377691256601
6.712000000000005 -0.005498996933072158 -0.005472426564367421
6.720000000000005 -0.005514270655090291 -0.005487594837777425
6.728000000000005 -0.0055296153558101 -0.005502839986542076
6.736000000000005 -0.005545022242451547 -0.005518125198504679
6.744000000000005 -0.0055604842015991845 -0.005533453184427345
6.752000000000005 -0.005575996557667871 -0.005548853855427636
6.760000000000005 -0.005591554944565538 -0.005564342763435997
6.768000000000005 -0.005607152870820755 -0.005579898083644608
6.776000000000005 -0.0056227816906593365 -0.00559548013231979
6.784000000000005 -0.005638432867208202 -0.005611068984631468
6.792000000000005 -0.005654099930493913 -0.0056266776182196205
6.800000000000005 -0.005669778064984725 -0.005642327921426637
6.808000000000005 -0.005685461997279863 -0.005658018604137704
6.816000000000005 -0.005701144649361639 -0.005673720893539865
6.824000000000005 -0.005716817998225618 -0.005689404828264887
6.832000000000005 -0.005732475070357819 -0.005705065129438117
6.840000000000005 -0.0057481108463376725 -0.005720718264374396
6.848000000000005 -0.005763721205918346 -0.005736375976491496
6.856000000000005 -0.005779301240285665 -0.005752026067742401
6.864000000000005 -0.005794844842268096 -0.005767641103244861
6.872000000000005 -0.005810345945742816 -0.0057832035579312956
6.880000000000005 -0.005825799960429507 -0.00579871862425615
6.888000000000005 -0.005841203845056805 -0.005814201454945824
6.896000000000005 -0.005856554860755579 -0.005829654655350436
6.904000000000005 -0.005871849477190404 -0.0058450614898303225
6.912000000000005 -0.005887083622535947 -0.0058604012308999046
6.920000000000005 -0.00590225391212537 -0.0058756682611436
6.928000000000005 -0.005917358450878952 -0.00589087364691009
6.936000000000005 -0.005932396373627476 -0.005906028639321827
6.944000000000005 -0.005947366723102896 -0.0059211294988697795
6.952000000000005 -0.00596226793858977 -0.00593616028081043
6.960000000000005 -0.005977098464075166 -0.005951109318005658
6.968000000000005 -0.005991857724726983 -0.005965980326222603
6.976000000000005 -0.006006546374412744 -0.005980786244756369
6.984000000000005 -0.006021165592393213 -0.00599553373594728
6.992000000000005 -0.006035716258125677 -0.006010216039974462
7.000000000000005 -0.0060501989013177606 -0.006024821508391425
7.008000000000005 -0.006064614410126931 -0.006039347373947619
7.016000000000005 -0.006078964653955809 -0.006053803218908156
7.024000000000005 -0.00609325233265234 -0.006068200970032542
7.032000000000005 -0.006107480257653364 -0.006082543310372477
7.040000000000005 -0.006121650873182359 -0.006096823376703294
7.048000000000005 -0.006135766501984675 -0.006111035335884192
7.056000000000005 -0.006149829972818753 -0.00612518345779285
7.064000000000005 -0.0061638448955035115 -0.006139279749284306
7.072000000000005 -0.006177815288015757 -0.006153333464051137
7.080000000000005 -0.006191744988355535 -0.006167344556341958
7.088000000000005 -0.006205637485836307 -0.006181308032866416
7.096000000000005 -0.006219496301236163 -0.006195223693408185
7.104000000000005 -0.0062333254365304685 -0.006209100148517881
7.112000000000005 -0.006247129374640323 -0.006222949011924906
7.120000000000005 -0.00626091263926988 -0.006236776264413538
7.128000000000005 -0.006274679404440672 -0.006250580474128565
7.1360000000000054 -0.006288433553009977 -0.006264359391847976
7.1440000000000055 -0.006302179064128524 -0.006278117101666911
7.1520000000000055 -0.006315920259810907 -0.006291863774480008
7.1600000000000055 -0.006329661629831894 -0.006305608724445747
7.1680000000000055 -0.006343407435936027 -0.006319354819816868
7.1760000000000055 -0.0063571615233166635 -0.0063331003157549234
7.1840000000000055 -0.0063709275102658116 -0.006346845615789633
7.1920000000000055 -0.006384709102127538 -0.006360597178194605
7.2000000000000055 -0.006398510159442853 -0.00637436440490488
7.2080000000000055 -0.006412334446762788 -0.006388153349211419
7.2160000000000055 -0.006426185344023869 -0.006401964362638182
7.2240000000000055 -0.0064400658238172185 -0.006415796028698519
7.2320000000000055 -0.006453978686343744 -0.006429650651116711
7.2400000000000055 -0.006467926763956327 -0.006443535129082946
7.2480000000000055 -0.006482002541828675 -0.006457456510905285
7.256000000000006 -0.006494936203250379 -0.006471431784989573
7.264000000000006 -0.006507813856406651 -0.006485303030163104
7.272000000000006 -0.006520637486794268 -0.006498630735542425
7.280000000000006 -0.006533416244377703 -0.006511212280132107
7.288000000000006 -0.006546178052723793 -0.0065234811716180004
7.296000000000006 -0.006558959376439371 -0.006536091668637384
7.304000000000006 -0.006571779691372475 -0.006549244177575279
7.312000000000006 -0.006584633274939853 -0.006562524252858212
7.320000000000006 -0.006597507892533863 -0.006575409722173964
7.328000000000006 -0.006610408999846557 -0.006587858763045713
7.336000000000006 -0.006623362858823279 -0.006600337374148826
7.344000000000006 -0.006636396389383341 -0.006613292360727783
7.352000000000006 -0.006649517047494963 -0.00662667737017363
7.360000000000006 -0.006662714593677593 -0.0066400436969346905
7.368000000000006 -0.006675981441601164 -0.0066530619602264635
7.376000000000006 -0.006689328232414757 -0.006665881005437743
7.384000000000006 -0.006702777901252059 -0.006678944291722405
7.392000000000006 -0.006716345954540881 -0.00669249707954668
7.400000000000006 -0.00673002924305961 -0.006706338997234835
7.408000000000006 -0.006743814938584985 -0.006720075336690882
7.416000000000006 -0.006757698745369842 -0.006733562887112232
7.424000000000006 -0.006771692009336803 -0.0067470539084615345
7.432000000000006 -0.00678581069833809 -0.006760900836704806
7.440000000000006 -0.006800059353010147 -0.006775170020638865
7.448000000000006 -0.006814427761416343 -0.006789589726795718
7.456000000000006 -0.006828903197705433 -0.006803867904261096
7.464000000000006 -0.006843483997685381 -0.006818011378107123
7.472000000000006 -0.006858179684568572 -0.006832299725792773
7.480000000000006 -0.006872998377511384 -0.006846963932040948
7.488000000000006 -0.006887935962116894 -0.006861937425302228
7.496000000000006 -0.006902978675387025 -0.006876945388683227
7.504000000000006 -0.006918115474988935 -0.0068918141052731205
7.512000000000006 -0.006933346190159417 -0.0069066505178694065
7.520000000000006 -0.006948676922477245 -0.006921705129869502
7.528000000000006 -0.006964108532707355 -0.006937087089200196
7.536000000000006 -0.0069796311673922945 -0.006952650280747673
7.544000000000006 -0.006995230397226233 -0.006968163478406043
7.552000000000006 -0.007010897596097654 -0.006983561919807794
7.560000000000006 -0.007026633073990926 -0.0069990019074278546
7.568000000000006 -0.007042439077314413 -0.007014671484869778
7.576000000000006 -0.00705831093874626 -0.007030578202174693
7.584000000000006 -0.007074236122943663 -0.007046546048505203
7.592000000000006 -0.0070902017196939 -0.007062411841604072
7.600000000000006 -0.007106201744461605 -0.007078195238788619
7.608000000000006 -0.007122236381022582 -0.007094059303221029
7.616000000000006 -0.007138304550551348 -0.007110117583905919
7.624000000000006 -0.007154398334151724 -0.007126306971792565
7.632000000000006 -0.007170505205651518 -0.007142460445031401
7.640000000000006 -0.007186615171303091 -0.007158488228357386
7.648000000000006 -0.0072027247820636705 -0.0071744637602542865
7.656000000000006 -0.007218833901945489 -0.007190526982557717
7.664000000000006 -0.007234939241077183 -0.007206721447461321
7.672000000000006 -0.007251031906713933 -0.007222946432201112
7.680000000000006 -0.007267101389828342 -0.007239069002121772
7.688000000000006 -0.0072831412633678145 -0.007255064322288272
7.696000000000006 -0.007299150319023825 -0.007271029974566842
7.704000000000006 -0.007315128227632767 -0.007287066540567795
7.712000000000006 -0.007331070809123967 -0.007303162555061572
7.720000000000006 -0.007346970087719329 -0.0073192086401021915
7.728000000000006 -0.007362818775024642 -0.007335117492252653
7.736000000000006 -0.007378614039008353 -0.007350912768707095
7.744000000000006 -0.007394356524943134 -0.0073666921784967705
7.752000000000006 -0.007410046009364495 -0.00738251267116108
7.760000000000006 -0.007425678632078576 -0.0073983273466747415
7.768000000000006 -0.007441248615385767 -0.007414039497329864
7.776000000000006 -0.007456752317149438 -0.007429607829661185
7.784000000000006 -0.007472190067627828 -0.00744508533296072
7.792000000000006 -0.007487563938966951 -0.007460553620738899
7.800000000000006 -0.007502874131228855 -0.007476030549521641
7.808000000000006 -0.00751811798674784 -0.007491453189483135
7.816000000000006 -0.007533292530202213 -0.007506750035573007
7.824000000000006 -0.007548397543122941 -0.0075219184768126465
7.832000000000006 -0.0075634357917105976 -0.007537022973601106
7.840000000000006 -0.007578410334441127 -0.0075521207763513155
7.848000000000006 -0.007593322011464465 -0.007567200373058925
7.856000000000006 -0.007608169820550822 -0.007582198797701301
7.864000000000006 -0.007622953574675108 -0.007597074147627751
7.872000000000006 -0.007637675795247777 -0.007611851081579969
7.880000000000006 -0.007652340818717074 -0.00762659147105806
7.888000000000006 -0.0076669522494984136 -0.007641326671741896
7.896000000000006 -0.0076815116157564894 -0.00765602737981383
7.904000000000006 -0.007696019595372493 -0.007670641537240886
7.912000000000006 -0.0077104782996593796 -0.0076851549072322585
7.920000000000006 -0.007724892048802197 -0.0076996070610105905
7.928000000000006 -0.0077392658739409564 -0.0077140480944022805
7.936000000000006 -0.007753603498745488 -0.0077284867265866005
7.944000000000006 -0.007767907007478 -0.00774288671709281
7.952000000000006 -0.007782178434392235 -0.007757212537170986
7.960000000000006 -0.00779642140702636 -0.007771471623345989
7.968000000000006 -0.007810641035492117 -0.007785707460980501
7.976000000000006 -0.007824842259699255 -0.007799953987536662
7.984000000000006 -0.007839028528541948 -0.007814203222924638
7.992000000000006 -0.007853202206327702 -0.007828420499536555
8.000000000000005 -0.00786736613754754 -0.00784258782385867
8.008000000000004 -0.007881524578939031 -0.007856726496919883
8.016000000000004 -0.007895682508474876 -0.007870875638036517
8.024000000000003 -0.007909844147091737 -0.007885052618920042
8.032000000000002 -0.007924012332173446 -0.007899239507654287
8.040000000000001 -0.007938189353928846 -0.007913408669610726
8.048 -0.007952378238785996 -0.007927557301024884
8.056 -0.007966583042909413 -0.007941712789098148
8.063999999999998 -0.00798080788541901 -0.007955904820442714
8.071999999999997 -0.007995055837860664 -0.007970136562570885
8.079999999999997 -0.008009328873345281 -0.007984386297002904
8.087999999999996 -0.008023628852915745 -0.007998635875264934
8.095999999999995 -0.008037958402187444 -0.008012893423318351
8.103999999999994 -0.008052320723400879 -0.008027185942317211
8.111999999999993 -0.0080667186054185 -0.008041531658402424
8.119999999999992 -0.008081153750043127 -0.008055923400928956
8.127999999999991 -0.008095627120287672 -0.00807034041050971
8.13599999999999 -0.00811013986276203 -0.008084774015713964
8.14399999999999 -0.008124693761646503 -0.008099238415153519
8.151999999999989 -0.008139290756845727 -0.008113755732051274
8.159999999999988 -0.008153932105831587 -0.008128333138172694
8.167999999999987 -0.008168618120498242 -0.0081429573976019
8.175999999999986 -0.008183348728398642 -0.008157611713604131
8.183999999999985 -0.008198124197420463 -0.00817229521588413
8.191999999999984 -0.008212945227604735 -0.008187023737369552
8.199999999999983 -0.00822781235199023 -0.008201812160442716
8.207999999999982 -0.008242725343581067 -0.008216658639131746
8.215999999999982 -0.008257683276229388 -0.008231547745278673
8.22399999999998 -0.00827268513715254 -0.008246467984940964
8.23199999999998 -0.008287730296606682 -0.008261423777920066
8.239999999999979 -0.008302818339425446 -0.008276429209269664
8.247999999999978 -0.008317948488035088 -0.008291491446153685
8.255999999999977 -0.008333119276755707 -0.008306602480167612
8.263999999999976 -0.008348328823741527 -0.008321747684159757
8.271999999999975 -0.008363575376537377 -0.0083369208788108
8.279999999999974 -0.008378857530601061 -0.00835212914197817
8.287999999999974 -0.008394173913267695 -0.00836738275255248
8.295999999999973 -0.008409522719794896 -0.00838268210354146
8.303999999999972 -0.00842490162520452 -0.00839801600826408
8.311999999999971 -0.008440308155126565 -0.008413372571414208
8.31999999999997 -0.008455740095172672 -0.008428750061971066
8.32799999999997 -0.008471195502810011 -0.008444155973262693
8.335999999999968 -0.008486672344827516 -0.00845959600826523
8.343999999999967 -0.008502168189026084 -0.0084750655819604
8.351999999999967 -0.008517680293379204 -0.008490552944342866
8.359999999999966 -0.008533205982762946 -0.008506049846478654
8.367999999999965 -0.008548742897629231 -0.008521557711111846
8.375999999999964 -0.008564288863781135 -0.008537082875653978
8.383999999999963 -0.008579841559556246 -0.008552626743449324
8.391999999999962 -0.008595398365833153 -0.008568181869756263
8.399999999999961 -0.008610956561585746 -0.008583737897992785
8.40799999999996 -0.008626513641923428 -0.008599290315181555
8.41599999999996 -0.008642067415897061 -0.008614842346932912
8.423999999999959 -0.008657615801538784 -0.008630398349044334
8.431999999999958 -0.008673156569345806 -0.00864595639893894
8.439999999999957 -0.008688687325613712 -0.008661508202807757
8.447999999999956 -0.008704205747988263 -0.008677045995147318
8.455999999999955 -0.008719709810272192 -0.008692568520627744
8.463999999999954 -0.008735197760939263 -0.008708079655030143
8.471999999999953 -0.008750667901447538 -0.008723581609984396
8.479999999999952 -0.008766118424698084 -0.008739070441767055
8.487999999999952 -0.008781547492074186 -0.008754538620459674
8.49599999999995 -0.008796953456705458 -0.00876998145391649
8.50399999999995 -0.008812334986747248 -0.008785400157201466
8.511999999999949 -0.008827690965701292 -0.008800798432989154
8.519999999999948 -0.008843020296065929 -0.008816176671630977
8.527999999999947 -0.008858321829346249 -0.008831530225297075
8.535999999999946 -0.008873594493861894 -0.008846853396971732
8.543999999999945 -0.008888837471810306 -0.008862144471163319
8.551999999999945 -0.00890405023201735 -0.008877406255426048
8.559999999999944 -0.008919232392913656 -0.00889264181091843
8.567999999999943 -0.008934383575762364 -0.00890785030187992
8.575999999999942 -0.008949503408417275 -0.008923027473141514
8.583999999999941 -0.008964591665878627 -0.00893816996396392
8.59199999999994 -0.008979648385512197 -0.008953278539435073
8.59999999999994 -0.008994673831680686 -0.008968356787411001
8.607999999999938 -0.009009668355346384 -0.008983406964390745
8.615999999999937 -0.009024632305047419 -0.008998427675486854
8.623999999999937 -0.009039566079810359 -0.009013415802179129
8.631999999999936 -0.009054470254234597 -0.009028370328143189
8.639999999999935 -0.00906934563136127 -0.00904329378636601
8.647999999999934 -0.00908419316578692 -0.009058189889413667
8.655999999999933 -0.00909901384361934 -0.009073060140942685
8.663999999999932 -0.00911380864714346 -0.009087903169975714
8.671999999999931 -0.009128578631850948 -0.009102717347317085
8.67999999999993 -0.009143325019304684 -0.009117503639736154
8.68799999999993 -0.009158049197693877 -0.009132265577218017
8.695999999999929 -0.009172752628561976 -0.009147006532218843
8.703999999999928 -0.009187436760031574 -0.009161727422127505
8.711999999999927 -0.009202103033496497 -0.009176427303057445
8.719999999999926 -0.00921675296367994 -0.009191106032732219
8.727999999999925 -0.00923138819324835 -0.009205765977225137
8.735999999999924 -0.009246010456726829 -0.00922041095352138
8.743999999999923 -0.009260621490899741 -0.009235043712767628
8.751999999999923 -0.009275222984750605 -0.009249664780200676
8.759999999999922 -0.009289816613348429 -0.009264273826936455
8.76799999999992 -0.009304404106114016 -0.009278871925520722
8.77599999999992 -0.009318987265569638 -0.00929346217600051
8.783999999999919 -0.0093335679116132 -0.009308048108951257
8.791999999999918 -0.009348147808934705 -0.009322631725163864
8.799999999999917 -0.009362728650125527 -0.009337213318431209
8.807999999999916 -0.009377312102254055 -0.009351793162693451
8.815999999999915 -0.009391899855344615 -0.009366373111814338
8.823999999999915 -0.009406493613055044 -0.009380956369336
8.831999999999914 -0.0094210950324657 -0.009395545778392267
8.839999999999913 -0.009435705675063947 -0.009410142571771581
8.847999999999912 -0.009450327015310333 -0.009424746908612294
8.855999999999911 -0.009464960488072506 -0.009439359503306785
8.86399999999991 -0.00947960751532429 -0.009453982504574228
8.87199999999991 -0.009492657315282736 -0.009468618706019715
8.879999999999908 -0.00949502250358888 -0.00948301209243058
8.887999999999908 -0.009498135455858286 -0.009494862932111391
8.895999999999907 -0.009502074561020844 -0.009500230118033106
8.903999999999906 -0.009506999902233276 -0.009499219193879778
8.911999999999905 -0.009513230344037293 -0.009498127502028293
8.919999999999904 -0.009521112254745395 -0.0095034146674121
8.927999999999903 -0.009530787762052108 -0.009515261804370574
8.935999999999902 -0.009542160369624625 -0.00952807756791451
8.943999999999901 -0.00955509880945687 -0.009537135275882134
8.9519999999999 -0.00956964880192838 -0.009543808654951523
8.9599999999999 -0.009586025598860709 -0.009553808627814016
8.967999999999899 -0.009604412359147258 -0.009570769251366679
8.975999999999898 -0.00962479790801164 -0.009592458692422985
8.983999999999897 -0.009647028139519667 -0.00961359888164971
8.991999999999896 -0.009671000920681589 -0.009631834605410394
8.999999999999895 -0.009696783049686077 -0.009650158065354091
9.007999999999894 -0.009724527601031752 -0.009673350282062428
9.015999999999893 -0.009754295252469862 -0.009702668696310346
9.023999999999893 -0.009785980572524717 -0.009734678145771584
9.031999999999892 -0.009819416602440786 -0.009765261248842335
9.03999999999989 -0.009854532330944351 -0.009794134404617448
9.04799999999989 -0.009891388577708153 -0.009824913825083189
9.055999999999889 -0.009930061634940507 -0.009860915956274406
9.063999999999888 -0.009970511530194221 -0.009901519316176596
9.071999999999887 -0.010012579376851561 -0.009943024932902444
9.079999999999886 -0.010056108415255284 -0.009982819050820666
9.087999999999886 -0.01010104933268042 -0.010022107791954284
9.095999999999885 -0.010147436795853636 -0.010064322086185991
9.103999999999884 -0.010195271540961476 -0.010111180625501842
9.111999999999883 -0.010244442682215131 -0.01016084027811443
9.119999999999882 -0.010294772308002792 -0.01021003357439711
9.127999999999881 -0.010346126206240624 -0.010257634732461116
9.13599999999988 -0.010398466473888774 -0.010305682411305628
9.14399999999988 -0.010451793093283201 -0.010356887660481026
9.151999999999878 -0.01050604561518995 -0.01041154567504495
9.159999999999878 -0.010561074694961122 -0.010467255440848052
9.167999999999877 -0.010616710138672969 -0.01052159518039846
9.175999999999876 -0.01067284558995281 -0.010574667742014205
9.183999999999875 -0.010729447205879218 -0.010628745737953015
9.191999999999874 -0.010786482299176677 -0.010685566961193741
9.199999999999873 -0.010843851052512763 -0.010744364001177759
9.207999999999872 -0.010901395573465991 -0.010802737884992251
9.215999999999871 -0.010958971703061182 -0.010859263592139847
9.22399999999987 -0.01101650184542366 -0.010914887214621284
9.23199999999987 -0.011073953082182845 -0.010971657379089469
9.239999999999869 -0.011131269597178861 -0.011030324314964979
9.247999999999868 -0.01118833608984717 -0.011089490685720502
9.255999999999867 -0.011245010142913113 -0.011147155472226295
9.263999999999866 -0.011301184158898707 -0.011202833332450398
9.271999999999865 -0.011356807985535447 -0.011257904202017537
9.279999999999864 -0.011411850554044728 -0.011313909400037797
9.287999999999863 -0.01146624645880373 -0.011370767927807682
9.295999999999863 -0.011519886698182984 -0.011426865108739538
9.303999999999862 -0.011572660942133252 -0.011480814261669215
9.31199999999986 -0.011624502271347778 -0.01153287641009195
9.31999999999986 -0.011675385875907222 -0.011584506759617709
9.327999999999859 -0.01172528635747662 -0.011636625713374744
9.335999999999858 -0.011774142885524856 -0.011688572215363291
9.343999999999857 -0.011821869667684398 -0.011738845434079085
9.351999999999856 -0.0118683975247057 -0.011786727804085299
9.359999999999856 -0.011913699519582573 -0.011832969261686003
9.367999999999855 -0.011957773981782455 -0.011878836405065664
9.375999999999854 -0.012000606252825155 -0.011924653581997173
9.383999999999853 -0.012042152157491564 -0.011969456832699728
9.391999999999852 -0.012082359776388949 -0.012012078762833544
9.399999999999851 -0.012121203411305794 -0.01205240248513372
9.40799999999985 -0.01215869209644719 -0.012091405966562817
9.41599999999985 -0.012194845096668565 -0.012130013253228948
9.423999999999848 -0.01222966315449211 -0.012168071314462622
9.431999999999848 -0.012263126962609807 -0.012204563445959299
9.439999999999847 -0.012295222702810108 -0.012238760115950835
9.447999999999846 -0.012325965100097109 -0.012271000090739337
9.455999999999845 -0.01235539305548738 -0.012302268136407309
9.463999999999844 -0.012383544309502876 -0.012333094494564437
9.471999999999843 -0.012410437922323674 -0.012363014332572525
9.479999999999842 -0.01243608297776059 -0.012391148002921388
9.487999999999841 -0.012460502229598821 -0.012417208823675148
9.49599999999984 -0.01248374390439131 -0.012441814640667955
9.50399999999984 -0.012505869465925386 -0.01246579930858827
9.511999999999839 -0.012526932031845546 -0.012489328839470435
9.519999999999838 -0.01254696931909543 -0.012511798062346844
9.527999999999837 -0.012566017656704856 -0.0125325796309322
9.535999999999836 -0.012584130291034298 -0.012551762153362157
9.543999999999835 -0.012601379623747138 -0.012570071256178107
9.551999999999834 -0.012617841781192428 -0.012588102275846103
9.559999999999834 -0.012633581198236227 -0.012605738727428135
9.567999999999833 -0.012648651733530894 -0.012622382170961314
9.575999999999832 -0.0126631118050534 -0.01263769991475511
9.58399999999983 -0.012677035962811197 -0.012652046351445087
9.59199999999983 -0.012690510312663699 -0.012666114119789313
9.59999999999983 -0.012703617550479294 -0.01268023590225917
9.607999999999828 -0.012716428275323394 -0.012694117719526742
9.615999999999827 -0.01272900735462998 -0.012707272728159158
9.623999999999826 -0.012741427198576039 -0.012719645096093062
9.631999999999826 -0.012753772816582626 -0.01273173203894523
9.639999999999825 -0.012766133423795286 -0.012744096105209065
9.647999999999824 -0.012778590309063425 -0.012756831762582977
9.655999999999823 -0.012791214114089264 -0.012769571408526196
9.663999999999822 -0.012804073609318376 -0.012781996423349451
9.671999999999821 -0.012817245431716813 -0.012794268611115562
9.67999999999982 -0.0128308138799242 -0.012806914189127975
9.68799999999982 -0.01284486136139346 -0.012820314701179239
9.695999999999819 -0.012859460205380606 -0.01283438106078011
9.703999999999818 -0.012874674392087214 -0.012848757517187812
9.711999999999817 -0.012890568435811153 -0.01286330548852105
9.719999999999816 -0.012907213069892074 -0.012878323914989666
9.727999999999815 -0.01292468152029099 -0.012894278266590366
9.735999999999814 -0.012943040779907138 -0.012911358984199536
9.743999999999813 -0.012962347452610967 -0.01292936045633298
9.751999999999812 -0.012982652171034314 -0.01294799651683357
9.759999999999811 -0.013004007032133927 -0.012967285389853393
9.76799999999981 -0.013026467577805524 -0.012987579491615386
9.77599999999981 -0.013050087320771044 -0.013009225051491874
9.783999999999809 -0.013074911050924563 -0.01303224201428121
9.791999999999808 -0.01310097409711635 -0.013056373030200377
9.799999999999807 -0.013128307805680292 -0.013081429403559879
9.807999999999806 -0.013156944738162854 -0.013107540770538639
9.815999999999805 -0.013186917818885514 -0.013135040097132936
9.823999999999804 -0.013218254613055792 -0.013164127684785748
9.831999999999804 -0.013250973144025322 -0.013194692414764087
9.839999999999803 -0.01328508359375721 -0.013226477816077605
9.847999999999802 -0.013320593577612201 -0.013259394210183224
9.855999999999801 -0.013357510960802746 -0.013293628263182033
9.8639999999998 -0.013395841249505661 -0.013329440019427687
9.8719999999998 -0.013435582685168809 -0.013366884681336181
9.879999999999798 -0.013476724482514165 -0.01340576705493584
9.887999999999797 -0.01351924990720697 -0.013445867035102381
9.895999999999797 -0.013563140538526504 -0.01348717621413487
9.903999999999796 -0.013608377019964632 -0.013529886263404563
9.911999999999795 -0.013654935727188264 -0.013574153909216704
9.919999999999794 -0.013702785268906682 -0.01361991047066035
9.927999999999793 -0.013751886685355354 -0.01366692214656068
9.935999999999792 -0.013802196962464536 -0.013715022962069806
9.943999999999791 -0.01385367191568113 -0.013764257242586503
9.95199999999979 -0.013906265445051453 -0.01381478022335734
9.95999999999979 -0.013959926308637028 -0.013866637308731654
9.967999999999789 -0.0140145961990026 -0.0139196694156868
9.975999999999788 -0.01407021126663497 -0.013973641975708754
9.983999999999787 -0.01412670536698526 -0.014028445819417642
9.991999999999786 -0.014184011556394293 -0.014084146863074994
9.999999999999785 -0.01424206049605556 -0.014140837662508171
10.007999999999784 -0.014300777973152988 -0.014198462912651229
10.015999999999783 -0.01436008410488835 -0.01425681124237813
10.023999999999782 -0.014419895856936434 -0.014315674498107634
10.031999999999782 -0.014480129482605412 -0.014374992409077712
10.03999999999978 -0.014540700861573849 -0.014434825291287307
10.04799999999978 -0.014601523636429891 -0.014495193101503604
10.055999999999779 -0.01466250755729628 -0.014555963523805733
10.063999999999778 -0.014723559075054264 -0.01461690944367829
10.071999999999777 -0.014784583659428365 -0.01467786512925836
10.079999999999776 -0.014845487484096887 -0.01473880580801096
10.087999999999775 -0.014906176964008772 -0.01479976746158557
10.095999999999774 -0.014966557065036072 -0.014860702430619353
10.103999999999774 -0.015026530586780142 -0.014921432141448284
10.111999999999773 -0.01508599942710927 -0.014981744386208255
10.119999999999772 -0.015144866623674882 -0.015041522186395474
10.127999999999771 -0.01520303720265176 -0.015100762035718394
10.13599999999977 -0.015260417287906187 -0.01515946705449855
10.14399999999977 -0.015316912850011466 -0.015217538147869587
10.151999999999768 -0.01537242977925633 -0.01527478267217844
10.159999999999767 -0.015426875421631523 -0.01533102592974964
10.167999999999767 -0.015480160118061212 -0.015386198974776737
10.175999999999766 -0.015532197375235065 -0.015440308047808968
10.183999999999765 -0.015582902868520475 -0.015493324911668285
10.191999999999764 -0.015632193731130898 -0.015545122091666553
10.199999999999763 -0.015679989177087843 -0.015595522107999745
10.207999999999762 -0.01572621198604823 -0.015644401823166357
10.215999999999761 -0.015770789467624575 -0.015691735439176666
10.22399999999976 -0.015813653171714032 -0.015737532217455857
10.23199999999976 -0.015854738042691576 -0.01578174224277867
10.239999999999759 -0.01589398225935664 -0.015824235135984705
10.247999999999758 -0.01593132785261578 -0.015864871943207536
10.255999999999757 -0.015966722272328655 -0.015903587471160604
10.263999999999756 -0.016000118692079044 -0.015940392690352207
10.271999999999755 -0.016031475477573373 -0.015975298533298182
10.279999999999754 -0.016060755563779 -0.016008248381270622
10.287999999999753 -0.016087926646663756 -0.016039132973974444
10.295999999999752 -0.016112962142709283 -0.01606786787701656
10.303999999999752 -0.01613584202878502 -0.016094446069413706
10.31199999999975 -0.01615655285222401 -0.016118909434516236
10.31999999999975 -0.0161750871377152 -0.016141274263761846
10.327999999999749 -0.016191443047352327 -0.016161494611170932
10.335999999999748 -0.016205624808537232 -0.016179502075940728
10.343999999999747 -0.01621764354570808 -0.016195275162516374
10.351999999999746 -0.01622751772511682 -0.01620886110586915
10.359999999999745 -0.016235272881616143 -0.016220328571378423
10.367999999999745 -0.016240941085383032 -0.016229706277032914
10.375999999999744 -0.016244560846489006 -0.016236975494527413
10.383999999999743 -0.01624617762124351 -0.016242122319682407
10.391999999999742 -0.016245844406947197 -0.01624518989116719
10.399999999999741 -0.0162436218359226 -0.016246273475871906
10.40799999999974 -0.016239577748535933 -0.016245466444017993
10.41599999999974 -0.016233786778174334 -0.016242818549031524
10.423999999999738 -0.016226330419046107 -0.01623835168479237
10.431999999999737 -0.016217297478091947 -0.016232113325248734
10.439999999999737 -0.016206784387251726 -0.01622420746710242
10.447999999999736 -0.01619489502387803 -0.016214770204476793
10.455999999999735 -0.016181740229506303 -0.016203919139490344
10.463999999999734 -0.016167437516978602 -0.016191733161801496
10.471999999999733 -0.016152111203530887 -0.016178283344748457
10.479999999999732 -0.016135892713620197 -0.01616367879821529
10.487999999999731 -0.016118920612292826 -0.0161480765333939
10.49599999999973 -0.016101340235768286 -0.016131646045889646
10.50399999999973 -0.01608330321589127 -0.016114529301780776
10.511999999999729 -0.016064967274121256 -0.016096840027017927
10.519999999999728 -0.016046496326314164 -0.016078701205255713
10.527999999999727 -0.016028060582612004 -0.01606027788224763
10.535999999999726 -0.016009836336268946 -0.01604176939064445
10.543999999999725 -0.015992005476343118 -0.01602337111000945
10.551999999999724 -0.015974755039183917 -0.016005248775099356
10.559999999999723 -0.015958277032665752 -0.01598755269567474
10.567999999999723 -0.015942768437495525 -0.015970454325316567
10.575999999999722 -0.01592843108621111 -0.015954163894876045
10.58399999999972 -0.01591547125551022 -0.01593891035331223
10.59199999999972 -0.015904099111619448 -0.015924906939598377
10.599999999999719 -0.015894528280048337 -0.015912340407680355
10.607999999999718 -0.01588697563906633 -0.015901394344293482
10.615999999999717 -0.015881661168006257 -0.01589227920812213
10.623999999999716 -0.01587880761484976 -0.015885235531191033
10.631999999999715 -0.015878639941099768 -0.01588050755730928
10.639999999999715 -0.01588138472779023 -0.015878317069641455
10.647999999999714 -0.01588726973723256 -0.01587886564194355
10.655999999999713 -0.01589652362390751 -0.01588236117411078
10.663999999999712 -0.015909375607716606 -0.015889038135538953
10.671999999999711 -0.015926054957927725 -0.01589914913528332
10.67999999999971 -0.015946790333566496 -0.015912937791458498
10.68799999999971 -0.015971809160279186 -0.015930622905850643
10.695999999999708 -0.016001337153359513 -0.01595241025453132
10.703999999999708 -0.01603559791235426 -0.01597851733585814
10.711999999999707 -0.016074812422327958 -0.016009182836953732
10.719999999999706 -0.016119198392201384 -0.016044650513843916
10.727999999999705 -0.01616896952508762 -0.01608514563115839
10.735999999999704 -0.016224334865839986 -0.0161308694614812
10.743999999999703 -0.01628549826045371 -0.016182016452419082
10.751999999999702 -0.016352657821920656 -0.016238793625160005
10.759999999999701 -0.0164260052816655 -0.01630142018099099
10.7679999999997 -0.01650572522303633 -0.016370107897178576
10.7759999999997 -0.016591994306505927 -0.016445043896870553
10.783999999999699 -0.016684980582757854 -0.016526393841594038
10.791999999999698 -0.01678484287306703 -0.016614320439251637
10.799999999999697 -0.016891730110595016 -0.01670899558530037
10.807999999999696 -0.017005781202655744 -0.01681059233632784
10.815999999999695 -0.01712712263322015 -0.01691926568110985
10.823999999999694 -0.017255868554154702 -0.01703514284584827
10.831999999999693 -0.01739212040594127 -0.01715833228187204
10.839999999999693 -0.01753596588054389 -0.01728893986031577
10.847999999999692 -0.017687478144272618 -0.017427073586925378
10.85599999999969 -0.017846714969912907 -0.017572831338204753
10.86399999999969 -0.01801371783506133 -0.017726284864527216
10.871999999999689 -0.01818851105756643 -0.017887476842000278
10.879999999999688 -0.018371100973126653 -0.01805643274348265
10.887999999999687 -0.018561475091019762 -0.018233172973759648
10.895999999999686 -0.018759601166546326 -0.01841771101698968
10.903999999999685 -0.01896542619425499 -0.018610039245251116
10.911999999999685 -0.019178875377732902 -0.018810117459937693
10.919999999999684 -0.0193998511134002 -0.01901787558103092
10.927999999999683 -0.01962823196138595 -0.019233225884801627
10.935999999999682 -0.01986387153846837 -0.019456069880107427
10.943999999999681 -0.02010659729419187 -0.019686291362954203
10.95199999999968 -0.02035620918668266 -0.019923742629962556
10.95999999999968 -0.020612478294660154 -0.02016823796946106
10.967999999999678 -0.020875145365071696 -0.020419559908496036
10.975999999999678 -0.0211439192437781 -0.020677469397743297
10.983999999999677 -0.021418475124135097 -0.02094170706065414
10.991999999999676 -0.021698452582124283 -0.02121198283229664
10.999999999999675 -0.02198345340145491 -0.021487963996241165
11.007999999999674 -0.02227303918411351 -0.021769272791192954
11.015999999999673 -0.022566728696454277 -0.022055493601670917
11.023999999999672 -0.022865822140518757 -0.022346178998842333
11.031999999999671 -0.02316599950483426 -0.02264113767559629
11.03999999999967 -0.023468430053901534 -0.022940196984131904
11.04799999999967 -0.02377240768511827 -0.02324222220009288
11.055999999999669 -0.024077159979002886 -0.023545482234944185
11.063999999999668 -0.024381844104813893 -0.02384902761476127
11.071999999999667 -0.024685540204272653 -0.024152979156475324
11.079999999999666 -0.024987242245205436 -0.024457511905645744
11.087999999999665 -0.0252858473955449 -0.024761720479953973
11.095999999999664 -0.025580144585414615 -0.02506361769591538
11.103999999999663 -0.025868801255426104 -0.025361217438964315
11.111999999999663 -0.026150346511449468 -0.02565346120673565
11.119999999999662 -0.026423149888347645 -0.025939965380789493
11.12799999999966 -0.026685396180507037 -0.02621989693677285
11.13599999999966 -0.026935056439342357 -0.026491225054105665
11.143999999999659 -0.027169853385774562 -0.02675113005522354
11.151999999999658 -0.02738721811107487 -0.026997046165170402
11.159999999999657 -0.027584235395784553 -0.027227134451679926
11.167999999999656 -0.02775757629889929 -0.027439647182808207
11.175999999999656 -0.0279034167818665 -0.027631871816092085
11.183999999999655 -0.028017339569120222 -0.027799764188034946
11.191999999999654 -0.0280942154676219 -0.027938566145646864
11.199999999999653 -0.02812806355084335 -0.028043594486695304
11.207999999999652 -0.028085234576982657 -0.028110212754763286
11.215999999999651 -0.027929761084653174 -0.028128646405324552
11.22399999999965 -0.027659179700190318 -0.028073151363519903
11.23199999999965 -0.027281652730237176 -0.027904535423619075
11.239999999999648 -0.026809379162780485 -0.02759746781895932
11.247999999999648 -0.02625905361876855 -0.027165130886249937
11.255999999999647 -0.025652507714765068 -0.02665003853075192
11.263999999999646 -0.02501792441587936 -0.026089862735509492
11.271999999999645 -0.024391799768536754 -0.02549614474962808
11.279999999999644 -0.023822393462825706 -0.024869286891361867
