TIME COMMAND DEFL
0.0 0.0 0.0
0.005 0.0 0.0
0.01 0.0 0.0
0.015 0.0 0.0
0.02 -1.2377120058131608e-06 0.0
0.025 -3.460656231403922e-06 -7.735700036332255e-08
0.030000000000000002 -6.228062481039121e-06 -4.938092532661647e-07
0.035 -7.601638142476641e-06 -1.5960884985050564e-06
0.04 -1.1291954912478018e-06 -3.470396427554222e-06
0.045 -3.678774118710452e-06 -5.265658319315674e-06
0.049999999999999996 -5.3924424862863196e-06 -5.7600872469655056e-06
0.05499999999999999 -8.921531943426544e-06 -5.085461006684134e-06
0.05999999999999999 -1.3400885213399493e-05 -4.568522401747478e-06
0.06499999999999999 -1.865254301416482e-05 -5.477185237915734e-06
0.06999999999999999 -2.4635451060589708e-05 -8.4160042391714e-06
0.075 -3.132755145709548e-05 -1.3220862421426725e-05
0.08 -3.871459396816218e-05 -1.9297992367875356e-05
0.085 -4.678621700549354e-05 -2.605701562509277e-05
0.09000000000000001 -5.5534549420989357e-05 -3.317770361206727e-05
0.09500000000000001 -6.495348992295979e-05 -4.064248329920025e-05
0.10000000000000002 -7.503802060662004e-05 -4.86119680267709e-05
0.10500000000000002 -8.578351361360395e-05 -5.726726718646342e-05
0.11000000000000003 -9.718520101113508e-05 -6.670885187377623e-05
0.11500000000000003 -0.00010923792887676111 -7.693745812535524e-05
0.12000000000000004 -0.0001219361705314475 -8.789208601415112e-05
0.12500000000000003 -0.00013527416710272937 -9.950266790115747e-05
0.13000000000000003 -0.00014924605282794565 -0.0001117254350533562
0.13500000000000004 -0.00016384588665034847 -0.00012455076133527251
0.14000000000000004 -0.00017906759318828773 -0.00013799099616936274
0.14500000000000005 -0.00019490486662884798 -0.0001520625012018298
0.15000000000000005 -0.00021135109495293817 -0.00016677306507974834
0.15500000000000005 -0.00022839933360796223 -0.00018211861469816636
0.16000000000000006 -0.0002460423236084593 -0.0001980869710980662
0.16500000000000006 -0.0002642725290939631 -0.0002146638866542532
0.17000000000000007 -0.0002979359600351815 -0.00023183746117395304
0.17500000000000007 -0.00032155192868268235 -0.0002505278101827826
0.18000000000000008 -0.0003457903198995628 -0.000272467645873006
0.18500000000000008 -0.00037063987350620224 -0.00029777875503653493
0.19000000000000009 -0.00039608158748701797 -0.0003247101950651681
0.1950000000000001 -0.0004220935379812968 -0.00035150776183827837
0.2000000000000001 -0.0004486613243271403 -0.00037738703119680254
0.2050000000000001 -0.00047577927911533914 -0.0004025679852741437
0.2100000000000001 -0.0005034458683045669 -0.00042777446466423755
0.2150000000000001 -0.0005316580684945711 -0.0004536808601190453
0.2200000000000001 -0.0005604080921621376 -0.0004806059562217237
0.22500000000000012 -0.0005896833206214129 -0.0005085042775500191
0.23000000000000012 -0.0006194683395235648 -0.0005371369354854579
0.23500000000000013 -0.000649747317915552 -0.0005662644773111715
0.24000000000000013 -0.0006805054538209047 -0.000595758742454981
0.24500000000000013 -0.0007117291510550675 -0.000625613112447757
0.2500000000000001 -0.0007434053454114022 -0.0006558887290141991
0.2550000000000001 -0.0007755206575813333 -0.0006866498130960242
0.2600000000000001 -0.0008080608741394305 -0.0007179243091938949
0.2650000000000001 -0.0008410109009456937 -0.0007496985316234569
0.27000000000000013 -0.0008743550425515395 -0.0007819342240495809
0.27500000000000013 -0.0009080773556457931 -0.0008145903289069629
0.28000000000000014 -0.0009421618850058525 -0.0008476368692816792
0.28500000000000014 -0.0009765927224101225 -0.0008810574768066482
0.29000000000000015 -0.0010113539391592937 -0.0009148441015536429
0.29500000000000015 -0.0010464294850605113 -0.0009489897790389987
0.30000000000000016 -0.0010818031265572012 -0.0009834838149202997
0.30500000000000016 -0.0011174584485294846 -0.0010183107362036195
0.31000000000000016 -0.0011533789029542333 -0.0010534519500806458
0.31500000000000017 -0.001189547870871435 -0.0010888881722241896
0.3200000000000002 -0.0012259487105464862 -0.0011246011240555519
0.3250000000000002 -0.0012625647820149034 -0.0011605739860368852
0.3300000000000002 -0.0012993794535057415 -0.001196790917409221
0.3350000000000002 -0.001336376101782544 -0.0012332362782667408
0.3400000000000002 -0.0013735381164611414 -0.00126989406757424
0.3450000000000002 -0.0014108489122180966 -0.001306747768824922
0.3500000000000002 -0.0014482919471825206 -0.0013437805149229141
0.3550000000000002 -0.0014858507432667018 -0.001380975364944674
0.3600000000000002 -0.0015235089047597535 -0.0014183155179641716
0.3650000000000002 -0.0015612501336590028 -0.001455784393400432
0.3700000000000002 -0.001599058242253496 -0.001493365602137912
0.3750000000000002 -0.001636917164442717 -0.0015310428756288522
0.3800000000000002 -0.0016748109671207954 -0.0015688000121713206
0.38500000000000023 -0.0017127238622114045 -0.0016066208659953952
0.39000000000000024 -0.0017506402192017587 -0.0016444893728742313
0.39500000000000024 -0.0017885445776581427 -0.0016823895906138626
0.40000000000000024 -0.0018264216592383032 -0.0017203057344817392
0.40500000000000025 -0.0018642563789719702 -0.0017582221983602788
0.41000000000000025 -0.0019020338558428005 -0.0017961235631006414
0.41500000000000026 -0.002032378706850921 -0.0018339945989945198
0.42000000000000026 -0.002081133917366475 -0.0018776102242884396
0.42500000000000027 -0.002129725522863218 -0.0019368431557624424
0.43000000000000027 -0.0021780195598954063 -0.0020099737086872503
0.4350000000000003 -0.002225739483061844 -0.0020841104344779585
0.4400000000000003 -0.002272630322896303 -0.002148616307599547
0.4450000000000003 -0.002318652023050833 -0.002200554643831374
0.4500000000000003 -0.0023639494646252542 -0.0022434721604393092
0.4550000000000003 -0.002408723801286514 -0.002283233008423429
0.4600000000000003 -0.0024531182270381867 -0.0023243403525787317
0.4650000000000003 -0.0024971733224871456 -0.0023684086272584594
0.4700000000000003 -0.0025408480000883083 -0.002414653637659094
0.4750000000000003 -0.002584070284965009 -0.0024613203499907295
0.4800000000000003 -0.002626781575556887 -0.0025069619190574077
0.4850000000000003 -0.0026689558233477574 -0.0025510152076895043
0.4900000000000003 -0.0027105948098770562 -0.002593695912603998
0.49500000000000033 -0.0027517118174364853 -0.0026355572063452505
0.5000000000000003 -0.0027923165431760952 -0.002677072114387967
0.5050000000000003 -0.0028324081591132692 -0.002718433636071523
0.5100000000000003 -0.002871976562030241 -0.0027595770318327105
0.5150000000000003 -0.0029110078213115636 -0.00280031826930506
0.5200000000000004 -0.0029494894273573466 -0.0028404913311108784
0.5250000000000004 -0.0029874128618709427 -0.002880017933822901
0.5300000000000004 -0.003024773349206587 -0.0029189046959878966
0.5350000000000004 -0.003061568084674025 -0.0029572003182935136
0.5400000000000004 -0.0030977944410588666 -0.002994950856088537
0.5450000000000004 -0.0031334490396661245 -0.003032175723532714
0.5500000000000004 -0.003168527779461243 -0.003068867214921582
0.5550000000000004 -0.0032030264097605366 -0.0031050036545799352
0.5600000000000004 -0.003236941138697679 -0.003140563893396344
0.5650000000000004 -0.003270268963948905 -0.003175535502259224
0.5700000000000004 -0.003303007678756587 -0.003209915383651412
0.5750000000000004 -0.010105157081761532 -0.0032437057724409436
0.5800000000000004 -0.00878721347388101 -0.0037000346517431617
0.5850000000000004 -0.007505574786969576 -0.005166270145706029
0.5900000000000004 -0.0062584093073258795 -0.007170552708704857
0.5950000000000004 -0.00498667412201798 -0.008513506745722463
0.6000000000000004 -0.003635480849969363 -0.008496689548659387
0.6050000000000004 -0.002241055853586564 -0.007214035873394852
0.6100000000000004 -0.0008966980818886664 -0.0052473076258891796
0.6150000000000004 0.00032131017822130663 -0.0032205019087088852
0.6200000000000004 0.001371845780755462 -0.00151543237949746
0.6250000000000004 0.002248608331998631 -0.0002214246941410231
0.6300000000000004 0.0029693700237398823 0.0007595560557151428
0.6350000000000005 0.0035597704388010062 0.0015716132395317082
0.6400000000000005 0.004041593458881852 0.0023109707816539697
0.6450000000000005 0.004428781211415388 0.003002130109934593
0.6500000000000005 0.0047292282441819804 0.003622361887024573
0.6550000000000005 0.004948559800419063 0.004139281229569022
0.6600000000000005 0.005092977169844948 0.004536301579406774
0.6650000000000005 0.005170142813613679 0.004818574229991735
0.6700000000000005 0.0051885694735450075 0.005005231726388017
0.6750000000000005 0.0051565229926049646 0.005117960577893305
0.6800000000000005 0.005080167867681446 0.0051732046134235175
0.6850000000000005 0.004848185790810496 0.005180122252918694
0.6900000000000005 0.004675223152240429 0.005135317834974943
0.6950000000000005 0.004477572154323244 0.00502771101744488
0.7000000000000005 0.004260214278861008 0.004860806589161974
0.7050000000000005 0.00402675780269694 0.004654920801958685
0.7100000000000005 0.003779423380340946 0.004430793684988982
0.7150000000000005 0.003520283630975657 0.004200403046137795
0.7200000000000005 0.003251680883812016 0.003965904682841422
0.7250000000000005 0.00297609136259107 0.003723752911921588
0.7300000000000005 0.0026958226725749255 0.0034699144028179593
0.7350000000000005 0.0024128037799147784 0.0032031950774767002
0.7400000000000005 0.002128542155955666 0.0029257812249799953
0.7450000000000006 0.0018442006141230734 0.0026418068975771272
0.7500000000000006 0.0015607120033075076 0.00235541370069757
0.7550000000000006 0.001278872853865084 0.0020694520539842054
0.7600000000000006 0.0009993956286518343 0.0017852152976312822
0.7650000000000006 0.0007229266902258886 0.001502942996938575
0.7700000000000006 0.0004500465973062747 0.0012225591884124196
0.7750000000000006 0.00018126643118877416 0.0009442072135184307
0.7800000000000006 -6.989297450632178e-05 0.0006684138708680778
0.7850000000000006 -0.0003068456104777526 0.0003967775767870035
0.7900000000000006 -0.0005372587663741457 0.00013279305179047797
0.7950000000000006 -0.0007609786314655771 -0.00011969950140817108
0.8000000000000006 -0.0009780058907384254 -0.0003592379493417221
0.8050000000000006 -0.0011885165465111156 -0.0005872766731087617
0.8100000000000006 -0.0013927680610180775 -0.0008066668171714176
0.8150000000000006 -0.0015909809198418707 -0.0010199161657466844
0.8200000000000006 -0.0017853581932566322 -0.001228273386598107
0.8250000000000006 -0.001971118043100601 -0.0014319005305686607
0.8300000000000006 -0.002150996823527528 -0.0016303613893480337
0.8350000000000006 -0.0023249962447187546 -0.0018228511512838011
0.8400000000000006 -0.002493173453056017 -0.002008672788114637
0.8450000000000006 -0.0026556292792004332 -0.0021876745782515856
0.8500000000000006 -0.002812497832818816 -0.00236018198921647
0.8550000000000006 -0.002963927541265016 -0.0025267065491983015
0.8600000000000007 -0.0029579081481694116 -0.0026876828806125484
0.8650000000000007 -0.0029167265667796416 -0.002833845343493958
0.8700000000000007 -0.0028744768029940137 -0.0029387937752760203
0.8750000000000007 -0.0028314555482244637 -0.0029790828152912565
0.8800000000000007 -0.0027886001958646513 -0.002956452490905868
0.8850000000000007 -0.0027473077367917067 -0.0028946776284589824
0.8900000000000007 -0.0027087641191446805 -0.0028230257221023613
0.8950000000000007 -0.002673472905644661 -0.0027620198297436268
0.9000000000000007 -0.0026425872417875093 -0.002718416665580167
0.9050000000000007 -0.002614002430739144 -0.002688477616515208
0.9100000000000007 -0.0025871262632388447 -0.0026646107822389242
0.9150000000000007 -0.0025613847669433373 -0.002640684487485521
0.9200000000000007 -0.0025363903729886156 -0.002614189291372608
0.9250000000000007 -0.002511889271272492 -0.0025857239371586283
0.9300000000000007 -0.002487688123804523 -0.0025571990116092917
0.9350000000000007 -0.0024636031679118545 -0.0025301844878545515
0.9400000000000007 -0.0026778640995090384 -0.0025051439112663398
0.9450000000000007 -0.002928121383755227 -0.002496450536082695
0.9500000000000007 -0.003184244440828033 -0.002543972163032652
0.9550000000000007 -0.0025964067233968853 -0.002682674786950846
0.9600000000000007 -0.0028401586733760855 -0.0028578206317970206
0.9650000000000007 -0.0030881034905539304 -0.002951249149592324
0.9700000000000008 -0.003339649933352654 -0.002951630537998471
0.9750000000000008 -0.003595383664953519 -0.002959432591662639
0.9800000000000008 -0.0038560860130930756 -0.00306117320341225
0.9850000000000008 -0.0041216170288439664 -0.0032780010292430863
0.9900000000000008 -0.0043909415288472765 -0.003575166945186604
0.9950000000000008 -0.0046731053108392375 -0.003898555013543052
1.0000000000000007 -0.004945282687674958 -0.004207856403908162
1.0050000000000006 -0.005217762600668932 -0.004489610325096967
1.0100000000000005 -0.005490259584645959 -0.004750592083517011
1.0150000000000003 -0.005762689367898286 -0.005004953750076437
1.0200000000000002 -0.0060349581745305575 -0.0052642716488712805
1.0250000000000001 -0.006306872494926274 -0.005532915778694125
1.03 -0.006578140254833022 -0.005808839785086563
1.035 -0.006848423911447767 -0.00608715872054553
1.0399999999999998 -0.007117396257559602 -0.006363606554270712
1.0449999999999997 -0.0073847689236449755 -0.00663623730345893
1.0499999999999996 -0.007650289827080961 -0.006905276562231588
1.0549999999999995 -0.007928331816853519 -0.007171972956249836
1.0599999999999994 -0.008236852516644518 -0.007438344184946797
1.0649999999999993 -0.008545177026269881 -0.007709156703053089
1.0699999999999992 -0.008853000490711716 -0.007991292150229238
1.074999999999999 -0.009159963081667898 -0.008288161891969893
1.079999999999999 -0.00946561459918598 -0.008596832204707151
1.0849999999999989 -0.00976943789062816 -0.008910694318024472
1.0899999999999987 -0.010070915099130735 -0.009223426929176399
1.0949999999999986 -0.010369576924675989 -0.009531461243616623
1.0999999999999985 -0.010665012614580735 -0.009834216858697828
1.1049999999999984 -0.010956849423120432 -0.010132853203943781
1.1099999999999983 -0.011244723172442156 -0.010428733826325342
1.1149999999999982 -0.011528257822869509 -0.010722457106309338
1.119999999999998 -0.01180706050359957 -0.011013679997213541
1.124999999999998 -0.012080728252354362 -0.011301482433658324
1.129999999999998 -0.012348858413663209 -0.011584863977282728
1.1349999999999978 -0.012611056046206288 -0.011863072789142828
1.1399999999999977 -0.012866935818735721 -0.012135676098365881
1.1449999999999976 -0.013116119595023245 -0.012402446457139657
1.1499999999999975 -0.013358232546749994 -0.012663197021844964
1.1549999999999974 -0.013592900217174037 -0.01291766785839772
1.1599999999999973 -0.013819747520041448 -0.013165497238664526
1.1649999999999971 -0.01403839931739035 -0.013406255950784146
1.169999999999997 -0.014248481597487699 -0.01363950109857704
1.174999999999997 -0.014449622385276596 -0.013864814739994303
1.1799999999999968 -0.014641452011190395 -0.014081814805794875
1.1849999999999967 -0.014823602841663713 -0.014290144636248626
1.1899999999999966 -0.014995708807504216 -0.014489455269356391
1.1949999999999965 -0.015157405038830007 -0.014679392187365971
1.1999999999999964 -0.015308327746435903 -0.014859591095807903
1.2049999999999963 -0.01544811431982758 -0.0150296809582233
1.2099999999999962 -0.015576403525420212 -0.015189289720483902
1.214999999999996 -0.015694289517227927 -0.015338048787781208
1.219999999999996 -0.015796942267389237 -0.015475685471040973
1.2249999999999959 -0.014234921935233846 -0.015601886895366889
1.2299999999999958 -0.014321687687701711 -0.015612731817163454
1.2349999999999957 -0.014395785985771702 -0.015344128189480928
1.2399999999999956 -0.014458592214749339 -0.014859652894935628
1.2449999999999954 -0.014514308908501826 -0.014414455897103412
1.2499999999999953 -0.014566618243001381 -0.014191481042060614
1.2549999999999952 -0.014615412773075627 -0.014213227744496027
1.2599999999999951 -0.014657420774892994 -0.014383673827960247
1.264999999999995 -0.014688503484040553 -0.01457768082417414
1.269999999999995 -0.01470564332951788 -0.014710410591395162
1.2749999999999948 -0.014707675165180255 -0.014759446554213233
1.2799999999999947 -0.014694857285969953 -0.014747959308210051
1.2849999999999946 -0.014667936738379081 -0.014713241757435198
1.2899999999999945 -0.014627362417763396 -0.014681990857247078
1.2949999999999944 -0.014572969301489803 -0.014661432633656248
1.2999999999999943 -0.014504097187372254 -0.014643818526501179
1.3049999999999942 -0.014419909313934158 -0.014616359957423082
1.309999999999994 -0.01431967320242726 -0.014569404534157017
1.314999999999994 -0.01420288098715813 -0.014499596885846625
1.3199999999999938 -0.01406921528697467 -0.014408616987235685
1.3249999999999937 -0.013918440351089955 -0.014300002428211726
1.3299999999999936 -0.013750302779252769 -0.014176428343339213
1.3349999999999935 -0.013564487301259564 -0.014038579570168528
1.3399999999999934 -0.013360627623314119 -0.013885484705175236
1.3449999999999933 -0.013138345327771656 -0.013715522164553993
1.3499999999999932 -0.012897287067474578 -0.013527318261559491
1.354999999999993 -0.012637143317370723 -0.01332014499198608
1.359999999999993 -0.01235764791377445 -0.01309383867658847
1.3649999999999929 -0.012058567465833493 -0.012848486134297612
1.3699999999999928 -0.011681566414643213 -0.012584132825403499
1.3749999999999927 -0.011254554804498164 -0.012297014407517716
1.3799999999999926 -0.010821265395446764 -0.011975566650692132
1.3849999999999925 -0.010382369056598367 -0.011608255375512728
1.3899999999999924 -0.009938941306764888 -0.01119595048450853
1.3949999999999922 -0.009492438506065777 -0.010752568559742484
1.3999999999999921 -0.009044347030442339 -0.010296174849991126
1.404999999999992 -0.008595830481026426 -0.009840384043280494
1.409999999999992 -0.008147616566259095 -0.009390836613892287
1.4149999999999918 -0.00770011088197876 -0.008946647880158042
1.4199999999999917 -0.007253602292934378 -0.008504171137535422
1.4249999999999916 -0.006808429147293402 -0.008060348381100655
1.4299999999999915 -0.006365046369251945 -0.007614255829261684
1.4349999999999914 -0.005924005403156334 -0.007166907587054441
1.4399999999999913 -0.00548589534412074 -0.006720186101655571
1.4449999999999912 -0.005051291343533532 -0.006275807484335041
1.449999999999991 -0.00462073289020348 -0.005834813912980722
1.454999999999991 -0.004194730245157889 -0.005397612853792907
1.4599999999999909 -0.0037737842741342497 -0.0049643073656079
1.4649999999999908 -0.0033584046394129065 -0.004535031085783323
1.4699999999999906 -0.002949118438032227 -0.004110123722390054
1.4749999999999905 -0.0025464692694368873 -0.003690131804837262
1.4799999999999904 -0.0021510112242437776 -0.003275710913710188
1.4849999999999903 -0.0017633026773099317 -0.0028675201278320055
1.4899999999999902 -0.0016001140959438559 -0.0024661634686022086
1.4949999999999901 -0.0012704876780907943 -0.0020856994174621476
1.49999999999999 -0.0009497695289646298 -0.0017506521190009036
1.50499999999999 -0.000637947117961378 -0.001459949077810283
1.5099999999999898 -0.0003344998148051494 -0.0011858224755420146
1.5149999999999897 -3.8997222307154814e-05 -0.0009033731753299231
1.5199999999999896 0.00024826452861367507 -0.0006039114888393698
1.5249999999999895 0.0005276201497585475 -0.0002936029861800267
1.5299999999999894 0.0007931179659475917 1.5157895518567088e-05
1.5349999999999893 0.0010468180186656885 0.0003117808901768341
1.5399999999999892 0.0012879465595961957 0.0005910308034405422
1.544999999999989 0.0015160583292101843 0.0008527845791542082
1.549999999999989 0.0017309016172331218 0.001099695963154302
1.5549999999999888 0.0019322764084388545 0.0013344913481512313
1.5599999999999887 0.0021199421572659785 0.0015584062464055301
1.5649999999999886 0.0022935993633099003 0.0017710420258665563
1.5699999999999885 0.0024529230820873756 0.0019710984568429603
1.5749999999999884 0.00259761070991901 0.0021572423148532357
1.5799999999999883 0.002727415580980201 0.002328627008155545
1.5849999999999882 0.0028421570556376556 0.0024849610827609885
1.589999999999988 0.0029417133445038307 0.002626289933198203
1.594999999999988 0.0030260091969032516 0.0027527245054882136
1.5999999999999879 0.0030950079723896648 0.0028642748477551304
1.6049999999999878 0.003148711362188996 0.0029608258398502625
1.6099999999999877 0.0031871647431854873 0.003042206143857605
1.6149999999999876 0.003210464034703608 0.003108276917269074
1.6199999999999875 0.003218760706953814 0.0031589891784857735
1.6249999999999873 0.0032122636701072964 0.0031943964002491758
1.6299999999999872 0.003191238588011146 0.0032146366432338385
1.6349999999999871 0.003156005931736443 0.003219907024366778
1.639999999999987 0.0031069388800392603 0.0032104468162324567
1.644999999999987 0.0030444615089037443 0.003186533786506334
1.6499999999999868 0.0029690471192942575 0.00314848956236766
1.6549999999999867 0.0028812163274435066 0.003096686943677178
1.6599999999999866 0.002781534458193105 0.0030315539837279595
1.6649999999999865 0.0026706083999498975 0.002953573276235411
1.6699999999999864 0.0025490827956584556 0.0028632776933731753
1.6749999999999863 0.0024176358628968404 0.0027612448011463263
1.6799999999999862 0.002276975029215722 0.0026480916495778798
1.684999999999986 0.002121309427720938 0.002524470526176796
1.689999999999986 0.001958661967454288 0.0023906576941756944
1.6949999999999859 0.0017900351652724105 0.0022463570875656527
1.6999999999999857 0.00161628257923359 0.0020916790298325166
1.7049999999999856 0.001438310487014432 0.0019278912532503167
1.7099999999999855 0.0012570395559490452 0.0017570230443205482
1.7149999999999854 0.0010733428003018271 0.001581125588354831
1.7199999999999853 0.0008880101723984972 0.0014017629569130405
1.7249999999999852 0.0007017499149099553 0.0012199099905018742
1.729999999999985 0.0005152116995966217 0.0010361419562971172
1.734999999999985 0.00032901134303204953 0.0008509035727830035
1.739999999999985 0.00014374459691193992 0.0006646978842990031
1.7449999999999848 -4.001177625443308e-05 0.0004781433707900009
1.7499999999999847 -0.00022170648789988944 0.00029193280600545504
1.7549999999999846 -0.00040082122245236663 0.00010675858891232126
1.7599999999999845 -0.00030126428226794695 -7.67443011623628e-05
1.7649999999999844 -0.0004743792787492169 -0.00024079263483707967
1.7699999999999843 -0.0006452392740882052 -0.00035758594129250575
1.7749999999999841 -0.0008143222578089974 -0.0004372938363102292
1.779999999999984 -0.0009834809487020652 -0.0005223464189999943
1.784999999999984 -0.0011542140893193351 -0.0006436606285855951
1.7899999999999838 -0.0013261097683897334 -0.0008058621447271085
1.7949999999999837 -0.0014972296777187152 -0.000993988724041143
1.7999999999999836 -0.0016652619700906063 -0.0011878935738042708
1.8049999999999835 -0.0018284684788554913 -0.0013733435438468985
1.8099999999999834 -0.0019860124492190154 -0.001545588244536189
1.8149999999999833 -0.002137756040745177 -0.0017068924649059547
1.8199999999999832 -0.00228384646680543 -0.0018618818704183927
1.824999999999983 -0.0024243771000273568 -0.0020139257539188286
1.829999999999983 -0.002559249089347193 -0.002163835743434873
1.8349999999999829 -0.0026882069149400624 -0.002310454417052425
1.8399999999999828 -0.0028118214465770917 -0.002451977467062019
1.8449999999999827 -0.002926720943903595 -0.0025870735588772783
1.8499999999999825 -0.0030348639631365515 -0.0027151709411753454
1.8549999999999824 -0.0031361528626820444 -0.0028360775932543053
1.8599999999999823 -0.0032305498073576105 -0.002949777126949835
1.8649999999999822 -0.003318046095155135 -0.0030564030107008222
1.8699999999999821 -0.0033986492261642697 -0.0031561189805141285
1.874999999999982 -0.0034723726686216897 -0.0032490271200153412
1.879999999999982 -0.0035392335685558284 -0.003335144891529031
1.8849999999999818 -0.0035992564850614085 -0.003414435470430607
1.8899999999999817 -0.003652478816143865 -0.0034868546215175117
1.8949999999999816 -0.003698954545085594 -0.00355238504841562
1.8999999999999815 -0.003738755184955573 -0.0036110480543035664
1.9049999999999814 -0.0037719686023066426 -0.0036628977536300377
1.9099999999999813 -0.003798697065953792 -0.003708008919047125
1.9149999999999812 -0.0038190555835000643 -0.0037464673427359593
1.919999999999981 -0.0038331709270287818 -0.003778366121691099
1.924999999999981 -0.003841181203669876 -0.0038038067193316327
1.9299999999999808 -0.0038432356078196284 -0.003822901806149788
1.9349999999999807 -0.003839494054961882 -0.003835777376887653
1.9399999999999806 -0.0038301265813331757 -0.00384257314034042
1.9449999999999805 -0.0038153125531781387 -0.003843441474252157
1.9499999999999804 -0.0037952397976606057 -0.003838545789022925
1.9549999999999803 -0.0037701037528505323 -0.0038280590272224664
1.9599999999999802 -0.0037401066815789096 -0.0038121626107467375
1.96499999999998 -0.003705456946006153 -0.0037910457773380484
1.96999999999998 -0.003666368317121304 -0.0037649050836364374
1.9749999999999799 -0.00362305929507942 -0.00373394387702676
1.9799999999999798 -0.0035757524298272707 -0.0036983716513816892
1.9849999999999797 -0.0035246736444186355 -0.003658403305028016
1.9899999999999796 -0.003470051569453529 -0.003614258366019806
1.9949999999999795 -0.003412116896223015 -0.003566160243179539
1.9999999999999793 -0.0033429182311152687 -0.003514335529442585
2.0049999999999795 -0.003268679813192132 -0.0034585018842072436
2.0099999999999794 -0.0031923341231238946 -0.0033974299136980634
2.0149999999999793 -0.0031141679912801024 -0.003330015081766234
2.019999999999979 -0.003034545457437819 -0.003256579334273159
2.024999999999979 -0.0029539032804424084 -0.00317876479905494
2.029999999999979 -0.002507771376591766 -0.0030985893401125897
2.034999999999979 -0.0024538799943524445 -0.002994799449277612
2.0399999999999787 -0.0024006251074162573 -0.00283368387457849
2.0449999999999786 -0.002349253400552565 -0.002633677985282966
2.0499999999999785 -0.0023027915176118477 -0.0024543482600118158
2.0549999999999784 -0.002263510089809376 -0.002335694457400064
2.0599999999999783 -0.002230889968659404 -0.002280102237227264
2.064999999999978 -0.0022024247307678682 -0.0022639250158947317
2.069999999999978 -0.0021753490170658214 -0.0022583602747232364
2.074999999999978 -0.002147897613466325 -0.0022444537143982133
2.079999999999978 -0.002119610250047971 -0.0022171071782611227
2.0849999999999778 -0.0020909149541156933 -0.0021808479516523755
2.0899999999999777 -0.00206249188147608 -0.0021430080573237417
2.0949999999999775 -0.0020348139008616664 -0.002108735411627305
2.0999999999999774 -0.002008002521584542 -0.0020793967261897904
2.1049999999999773 -0.0019819246064866434 -0.002053587419025147
2.1099999999999772 -0.0019563725696814 -0.0020290566134890937
2.114999999999977 -0.0019312012852156979 -0.0020041821053051628
2.119999999999977 -0.0019063734258668958 -0.0019784737244080163
2.124999999999977 -0.0018819316902746134 -0.0019522977307812632
2.129999999999977 -0.001857944049672073 -0.0019263095521329775
2.1349999999999767 -0.0018344607576708382 -0.0019010039661549977
2.1399999999999766 -0.0018114987800639186 -0.001876548681926672
2.1449999999999765 -0.0017890488812424862 -0.0018528533384398048
2.1499999999999764 -0.0017670916675039765 -0.0018297327478153185
2.1549999999999763 -0.0017456106666796669 -0.0018070414905942602
2.159999999999976 -0.0017247419117321036 -0.0017847270400107302
2.164999999999976 -0.0017043572605504377 -0.001762821596132609
2.169999999999976 -0.0016844430967140373 -0.0017414015268126895
2.174999999999976 -0.0016649919378256153 -0.0017205283727657328
2.1799999999999757 -0.0016459939693581498 -0.0017002129949772083
2.1849999999999756 -0.0016274353170663005 -0.0016804229579812306
2.1899999999999755 -0.001609299877301163 -0.0016611096832165057
2.1949999999999754 -0.001591570962340103 -0.0016422323104827606
2.1999999999999753 -0.001574232037014646 -0.0016237673768179628
2.204999999999975 -0.0015572665864583234 -0.0016057055102674067
2.209999999999975 -0.0015406575909909358 -0.001588042339319826
2.214999999999975 -0.0015243870934710901 -0.0015707705605121948
2.219999999999975 -0.0015084361052319173 -0.0015538765211496398
2.2249999999999748 -0.001492784832172566 -0.0015373410120010985
2.2299999999999747 -0.0014774130545122752 -0.0015211420649123733
2.2349999999999746 -0.001462300486937114 -0.001505257565883261
2.2399999999999745 -0.00144742702344962 -0.001489666568021962
2.2449999999999743 -0.001432772865034676 -0.0014743493245182612
2.2499999999999742 -0.0014183185769392967 -0.0014592866762689093
2.254999999999974 -0.0014040451314482972 -0.0014444594549538055
2.259999999999974 -0.0013899339679945325 -0.0014298482516332412
2.264999999999974 -0.0013759670734805095 -0.001415433557561452
2.269999999999974 -0.0013621270684925932 -0.001401196091647995
2.2749999999999737 -0.001348397282680303 -0.0013871171145446242
2.2799999999999736 -0.0013347618099062357 -0.0013731786198561391
2.2849999999999735 -0.001321205542993613 -0.0013593633967426818
2.2899999999999734 -0.0013077141936415303 -0.0013456550182653296
2.2949999999999733 -0.001294274304001634 -0.0013320378164652707
2.299999999999973 -0.0010883441528261309 -0.0013184968792960368
2.304999999999973 -0.0010958910610306227 -0.0012929850047647441
2.309999999999973 -0.001104373930766699 -0.0012376939325075378
2.314999999999973 -0.001114340596935344 -0.0011633301031463692
2.3199999999999728 -0.0011271120651292744 -0.0011023002735124554
2.3249999999999726 -0.001142043884050646 -0.001075752773117691
2.3299999999999725 -0.0011611073943922235 -0.001084040162480187
2.3349999999999724 -0.0011826159695422622 -0.0011133724185411497
2.3399999999999723 -0.001204726867961675 -0.0011476421190637857
2.344999999999972 -0.0012262384701527272 -0.0011766910774579215
2.349999999999972 -0.0012467792256744563 -0.0011981385328244183
2.354999999999972 -0.0012665339745400143 -0.00121471350757079
2.359999999999972 -0.0012858383505431506 -0.0012303962096129142
2.364999999999972 -0.0013048931658662154 -0.0012477714602614851
2.3699999999999717 -0.0013236810994767668 -0.0012673155808704643
2.3749999999999716 -0.0013420330243074487 -0.001288066113460926
2.3799999999999715 -0.0013597424585625197 -0.0013087022457855745
2.3849999999999714 -0.0013766494446430131 -0.0013283117674572028
2.3899999999999713 -0.0013926661875132299 -0.0013466093735792731
2.394999999999971 -0.0014077581979628686 -0.0013637502587912067
2.399999999999971 -0.0014219104668807935 -0.0013800163748003255
2.404999999999971 -0.001435102206756221 -0.0013955879644044352
2.409999999999971 -0.0014472987849856037 -0.001410473254899189
2.4149999999999707 -0.0014584570624125751 -0.001424557894038744
2.4199999999999706 -0.0014685354367333589 -0.0014376945872374438
2.4249999999999705 -0.0014775015034518616 -0.0014497703588883788
2.4299999999999704 -0.001485334617032585 -0.0014607287685875132
2.4349999999999703 -0.0015040852850617948 -0.0014705570265058704
2.43999999999997 -0.0015052833296252872 -0.0014800143945087024
2.44499999999997 -0.0015059949450859011 -0.0014900299997312122
2.44999999999997 -0.0015062208500381945 -0.001499482006458839
2.45499999999997 -0.0015059042307386079 -0.0015061164533417503
2.4599999999999698 -0.0015050559232004648 -0.0015089475420803644
2.4649999999999697 -0.0015038276226831844 -0.0015086171170697678
2.4699999999999696 -0.0015024398993951082 -0.0015066124000825197
2.4749999999999694 -0.001501084369946277 -0.0015043222885232374
2.4799999999999693 -0.0014998698112573612 -0.001502512091059093
2.4849999999999692 -0.001498824372914652 -0.0015013063381504562
2.489999999999969 -0.001497930503824183 -0.0015004683901587788
2.494999999999969 -0.0014971625013021918 -0.0014997117314442152
2.499999999999969 -0.0014965083436315762 -0.0014988814995738973
2.504999999999969 -0.0014959731470258909 -0.0014979810854982276
2.5099999999999687 -0.0014955715311591442 -0.001497104929972466
2.5149999999999686 -0.001495318065027625 -0.0014963554218259355
2.5199999999999685 -0.0014952215470942912 -0.0014957928901586266
2.5249999999999684 -0.0014952842571442472 -0.001495428356459019
2.5299999999999683 -0.0014955043090843561 -0.0014952430367477228
2.534999999999968 -0.0014958785566272094 -0.0014952127738954149
2.539999999999968 -0.0014964044030045288 -0.0014953232291960116
2.544999999999968 -0.0014970801642056545 -0.0014955727428652534
2.549999999999968 -0.0014979045066683134 -0.0014959672393756287
2.5549999999999677 -0.0014988756927473248 -0.0014965134125595131
2.5599999999999676 -0.0014999911212291688 -0.0014972143661075056
2.5649999999999675 -0.0015012472787268283 -0.0014980687367237143
2.5699999999999674 -0.0012620049867389438 -0.0014990721396595933
2.5749999999999673 -0.0012834534016688617 -0.0014851794897401942
2.579999999999967 -0.0013058422870713357 -0.0014337554605206822
2.584999999999967 -0.0013298991090194019 -0.0013571652375927478
2.589999999999967 -0.0013577239117237882 -0.0012950788426949588
2.594999999999967 -0.001390862166298649 -0.0012740417414382225
2.599999999999967 -0.0014287651864711213 -0.0012955256409821162
2.6049999999999667 -0.0014693950787858072 -0.0013436985026404227
2.6099999999999666 -0.0015105246627176066 -0.0013993037536269481
2.6149999999999665 -0.0015506802116933998 -0.0014495775156171842
2.6199999999999664 -0.0015893694133449546 -0.0014908711912157361
2.6249999999999662 -0.001626774614834157 -0.0015258615463689814
2.629999999999966 -0.0016632858294874811 -0.001559090753809087
2.634999999999966 -0.0016991639951548774 -0.0015937255790126423
2.639999999999966 -0.0017344332377764468 -0.001630529345038679
2.644999999999966 -0.001768946239800644 -0.0016685155916781479
2.6499999999999657 -0.0018025091078534615 -0.0017061801369934566
2.6549999999999656 -0.0018349758838501107 -0.0017424352901147658
2.6599999999999655 -0.0018662794264340176 -0.0017769203727568746
2.6649999999999654 -0.001896412180031107 -0.0018098194486322768
2.6699999999999653 -0.001925388953713353 -0.001841499783557079
2.674999999999965 -0.001953218068996036 -0.001872229430116252
2.679999999999965 -0.0019798911175107274 -0.0019020755650679814
2.684999999999965 -0.0020053877693711366 -0.0019309503015133066
2.689999999999965 -0.0020296863186683722 -0.001958713808696107
2.6949999999999648 -0.0020527720948624734 -0.0019852578679922304
2.6999999999999647 -0.0020746405108430822 -0.0020105378236877683
2.7049999999999645 -0.002095295620141643 -0.002034560852315479
2.7099999999999644 -0.002114746852763509 -0.002057356234492992
2.7149999999999643 -0.002133006265384541 -0.002078950350456062
2.7199999999999642 -0.002150087316547817 -0.0020993563870259076
2.724999999999964 -0.002166004964981317 -0.0021185769563123193
2.729999999999964 -0.0021807763323762183 -0.002136612324964122
2.734999999999964 -0.002194421243368053 -0.00215346754997955
2.739999999999964 -0.002206962332106402 -0.002169155424516553
2.7449999999999637 -0.0022184247618889825 -0.0021836956080713895
2.7499999999999636 -0.0022288357755016258 -0.0021971120126931943
2.7549999999999635 -0.0022382242803307938 -0.0022094304225802664
2.7599999999999634 -0.0022466205650452523 -0.002220677305963293
2.7649999999999633 -0.002254056139318309 -0.00223087975778875
2.769999999999963 -0.0022605636351971116 -0.002240065989631488
2.774999999999963 -0.0022661767101867566 -0.0022482657864220266
2.779999999999963 -0.0022709299223241802 -0.002255510635467514
2.784999999999963 -0.002274858578343053 -0.002261833532217377
2.7899999999999627 -0.0022779985721362726 -0.0022672686269141007
2.7949999999999626 -0.002280386231034543 -0.002271850882375156
2.7999999999999625 -0.0022808403364105215 -0.0022756158331078266
2.8049999999999624 -0.0022806014317566883 -0.0022785233332879204
2.8099999999999623 -0.0022798005085765314 -0.0022804118790068933
2.814999999999962 -0.0022784810000572213 -0.0022811698917743098
2.819999999999962 -0.0022766968695621206 -0.0022808870131896747
2.824999999999962 -0.0022745104861320604 -0.0022798016315478103
2.829999999999962 -0.002271982179266259 -0.002278172620710974
2.8349999999999618 -0.002269162062036877 -0.0022761834674976974
2.8399999999999617 -0.0022660883492370302 -0.0022739173320915854
2.8449999999999616 -0.0022627907615149962 -0.0022713866580009526
2.8499999999999615 -0.0022592954487010907 -0.0022685801630056876
2.8549999999999613 -0.0022556285693728366 -0.002265497584057295
2.8599999999999612 -0.0022518175255059674 -0.0022621615347529576
2.864999999999961 -0.0022478903976585656 -0.002258611583279544
2.869999999999961 -0.002243874724229904 -0.0022548918434033794
2.874999999999961 -0.0022397965473033962 -0.002251041276770666
2.879999999999961 -0.0022356800838773524 -0.0022470903078263597
2.8849999999999607 -0.002231547904538133 -0.0022430625762054463
2.8899999999999606 -0.002227421303718842 -0.0022389786492178227
2.8949999999999605 -0.002223320595007379 -0.0022348589956942733
2.8999999999999604 -0.00221926522352978 -0.002230725110140124
2.9049999999999603 -0.0022152737269601893 -0.0022265990861704745
2.90999999999996 -0.0022113636373442703 -0.002222502559714288
2.91499999999996 -0.002207551403657755 -0.0022184558304445857
2.91999999999996 -0.002203852369233799 -0.0022144775137578725
2.92499999999996 -0.0022002807965836716 -0.0022105846556266704
2.9299999999999597 -0.002196849913133266 -0.002206793047751865
2.9349999999999596 -0.0021935719540317447 -0.00220311750315237
2.9399999999999595 -0.0021904581912517256 -0.002199571982081329
2.9449999999999594 -0.0021875189505130475 -0.002196169582514385
2.9499999999999593 -0.00218476362346249 -0.0021929224699969124
2.954999999999959 -0.0021822006820430475 -0.002189841817873567
2.959999999999959 -0.0021798376982516705 -0.0021869377920682143
2.964999999999959 -0.0021776813689023144 -0.0021842195777871556
2.969999999999959 -0.0021757375431384523 -0.002181695426764563
2.974999999999959 -0.002174011250534696 -0.0021793727038974774
2.9799999999999587 -0.0021725067286860436 -0.002177257922548039
2.9849999999999586 -0.0021712274502393722 -0.0021753567686610296
2.9899999999999585 -0.0021701761498966773 -0.0021736741196375
2.9949999999999584 -0.002169354851955196 -0.0021722140641047757
2.9999999999999583 -0.0021687648985668157 -0.002170979925788435
3.004999999999958 -0.0021684069786932856 -0.002169974291490417
3.009999999999958 -0.0021682811574798046 -0.002169199041395553
3.014999999999958 -0.002168386905803865 -0.0021686553797924703
3.019999999999958 -0.00216872312982089 -0.002168343865120092
3.0249999999999577 -0.0021692882004348104 -0.002168264439194615
3.0299999999999576 -0.00217007998267306 -0.002168416456019212
3.0349999999999575 -0.002171095864957965 -0.0021687987106438064
3.0399999999999574 -0.002172332788231649 -0.0021694094683150623
3.0449999999999573 -0.0021737872748760524 -0.0021702464938826924
3.049999999999957 -0.0021754554573664904 -0.002171307081263006
3.054999999999957 -0.002177333106572572 -0.0021725880827369636
3.059999999999957 -0.0021794156596492828 -0.0021740859379266726
3.064999999999957 -0.0021816982474704275 -0.00217579670237768
3.0699999999999568 -0.0021841757215570455 -0.0021777160757277853
3.0749999999999567 -0.002186842680460972 -0.0021798394294560864
3.0799999999999566 -0.0021896934955631434 -0.002182161834191705
3.0849999999999564 -0.002192722336257084 -0.002184678086540606
3.0899999999999563 -0.00219592319446593 -0.00218738273537644
3.0949999999999562 -0.002199289908482444 -0.0021902701075409846
3.099999999999956 -0.0022028161860710876 -0.002193334332907704
3.104999999999956 -0.0022064956268430234 -0.002196569368771968
3.109999999999956 -0.002210321743847266 -0.002199969023539093
3.114999999999956 -0.0022142879843762148 -0.002203526979686086
3.1199999999999557 -0.0022183877499743283 -0.0022072368159742335
3.1249999999999556 -0.0022226144156107432 -0.0022110920288906147
3.1299999999999555 -0.002226961348043766 -0.0022150860532985637
3.1349999999999554 -0.002231421923315813 -0.002219212282279594
3.1399999999999553 -0.0022359895434253853 -0.002223464086152404
3.144999999999955 -0.002240657652148039 -0.0022278348306570333
3.149999999999955 -0.0022454197499813394 -0.0022323178942966334
3.154999999999955 -0.002250269408280134 -0.0022369066848319844
3.159999999999955 -0.0022552002825002694 -0.0022415946549253878
3.1649999999999547 -0.002260206124641306 -0.00224637531693347
3.1699999999999546 -0.0022652807948246867 -0.0022512422568501415
3.1749999999999545 -0.0022704182720706006 -0.002256189147403468
3.1799999999999544 -0.002275612664246318 -0.0022612097603125487
3.1849999999999543 -0.002280858217219369 -0.0022662979777124483
3.189999999999954 -0.0022861493232193457 -0.0022714478027568044
3.194999999999954 -0.002291480528447005 -0.002276653369408805
3.199999999999954 -0.002296846539905949 -0.002281908951433969
3.204999999999954 -0.002302242231512024 -0.0022872089706103076
3.209999999999954 -0.002307662649491831 -0.0022925480041713626
3.2149999999999537 -0.0023131030170744707 -0.0022979207914990726
3.2199999999999536 -0.0023185587385124574 -0.002303322240085593
3.2249999999999535 -0.002324025402457446 -0.0023087474307832657
3.2299999999999534 -0.0023294987846977167 -0.002314191622362928
3.2349999999999532 -0.0023349748502919767 -0.0023196502554023984
3.239999999999953 -0.002340449755122587 -0.002325118955527256
3.244999999999953 -0.002345919846886312 -0.0023305935360264287
3.249999999999953 -0.0023513816655520623 -0.0023360699998659484
3.254999999999953 -0.002356831943309741 -0.0023415445411245016
3.2599999999999527 -0.002362267604032697 -0.002347013545874814
3.2649999999999526 -0.002367685762275038 -0.0023524735925354277
3.2699999999999525 -0.002373083721843535 -0.002357921451717256
3.2749999999999524 -0.0023784589739422935 -0.0023633540855894407
3.2799999999999523 -0.0023838091949436586 -0.0023687686467892847
3.284999999999952 -0.0023891322437931254 -0.002374162476900566
3.289999999999952 -0.002394426159060543 -0.0023795331045250883
3.294999999999952 -0.002399689155702106 -0.002384878242971764
3.299999999999952 -0.0024049196215057667 -0.002390195787586883
3.3049999999999518 -0.002410116113278656 -0.0023954838127500633
3.3099999999999516 -0.0024152773527842102 -0.0024007405685593825
3.3149999999999515 -0.002420402222454116 -0.002405964477228383
3.3199999999999514 -0.0024254897608944666 -0.0024111541292177207
3.3249999999999513 -0.0024305391582155173 -0.002416308279123705
3.329999999999951 -0.0024355497511831586 -0.002421425841345766
3.334999999999951 -0.002440521018245484 -0.0024265058855541216
3.339999999999951 -0.00244545257442549 -0.002431547631977954
3.344999999999951 -0.00245034416610391 -0.002436550446534749
3.349999999999951 -0.002455195665721628 -0.002441513835820549
3.3549999999999507 -0.002460007066408331 -0.002446437441979374
3.3599999999999506 -0.0024647784765589684 -0.002451321037470098
3.3649999999999505 -0.0024695101143662667 -0.002456164519748971
3.3699999999999504 -0.0024742023023328497 -0.0024609679058849847
3.3749999999999503 -0.002478855461781245 -0.002465731327123996
3.37999999999995 -0.002483440764376882 -0.0024704550234173907
3.38499999999995 -0.0024878903354331352 -0.0024751375039945593
3.38999999999995 -0.0024923036405673452 -0.0024797683506679563
3.39499999999995 -0.002496683261134951 -0.0024843287011621575
3.3999999999999497 -0.0025010303383768977 -0.0024888082558483333
3.4049999999999496 -0.002505346801651514 -0.0024932154994947234
3.4099999999999495 -0.002509635327508503 -0.002497570490423885
3.4149999999999494 -0.002513898580007704 -0.002501893044497026
3.4199999999999493 -0.0025181385938635144 -0.0025061951148091554
3.424999999999949 -0.002522356646310368 -0.0025104797782839606
3.429999999999949 -0.0025265535224487465 -0.0025147446700362016
3.434999999999949 -0.0025307298994484448 -0.002518986346678959
3.439999999999949 -0.0025348866228299357 -0.0025232031072347783
3.4449999999999488 -0.002539024793583729 -0.002527395631867763
3.4499999999999487 -0.0025431457094299654 -0.0025315661407894017
3.4549999999999486 -0.00254725075307057 -0.0025357171759461507
3.4599999999999485 -0.0025513413030238356 -0.0025398507879330584
3.4649999999999483 -0.0025554186965914467 -0.0025439683507934474
3.4699999999999482 -0.0025594842351407115 -0.002548070812026281
3.474999999999948 -0.002563539205567424 -0.0025521590541890617
3.479999999999948 -0.0025675848959901344 -0.002556234134126204
3.484999999999948 -0.0025716225970381147 -0.0025602973318118163
3.489999999999948 -0.0025756535917408276 -0.0025643500661002468
3.4949999999999477 -0.0025796791418242907 -0.0025683937753200816
3.4999999999999476 -0.002583700476996278 -0.002572429834500253
3.5049999999999475 -0.0025877187897390495 -0.002576459531061986
3.5099999999999474 -0.002591735234603425 -0.0025804840824998855
3.5149999999999473 -0.0025957509295096914 -0.002584504666635019
3.519999999999947 -0.002599766956870163 -0.002588522442429517
3.524999999999947 -0.0026037843636444132 -0.0025925385542669896
3.529999999999947 -0.00260780416044011 -0.0025965541242541092
3.534999999999947 -0.002611827320325715 -0.002600570241188965
3.5399999999999467 -0.00261585477790438 -0.0026045879527565154
3.5449999999999466 -0.002619887428874455 -0.002608608263073684
3.5499999999999465 -0.002623926129996236 -0.0026126321341832792
3.5549999999999464 -0.0026279716992344167 -0.002616660488828655
3.5599999999999463 -0.002632024915883607 -0.002620694212449319
3.564999999999946 -0.0026360865206279385 -0.002624734153680542
3.569999999999946 -0.0026401572155011813 -0.002628781123727463
3.574999999999946 -0.0026442376638768335 -0.0026328358953959584
3.579999999999946 -0.0026483284904927433 -0.00263689920240004
3.584999999999946 -0.0026524302815827258 -0.0026409717391704802
3.5899999999999457 -0.0026565435850893055 -0.002645054161062246
3.5949999999999456 -0.0026606689109441653 -0.0026491470847312556
3.5999999999999455 -0.0026648067314250057 -0.002653251088496448
3.6049999999999454 -0.002668957481542598 -0.00265736671262101
3.6099999999999453 -0.002673121559504262 -0.0026614944595461333
3.614999999999945 -0.0026772993272194817 -0.002665634794149483
3.619999999999945 -0.0026814911108838826 -0.002669788144087108
3.624999999999945 -0.0026856972016100805 -0.0026739549002413225
3.629999999999945 -0.0026899178561279667 -0.0026781354172654127
3.6349999999999447 -0.002694153297543372 -0.002682330014201899
3.6399999999999446 -0.002698403716138732 -0.002686538975154392
3.6449999999999445 -0.0027026692702174266 -0.0026907625500038578
3.6499999999999444 -0.0027069500870046804 -0.00269500095516787
3.6549999999999443 -0.0027112462635649516 -0.0026992543744051834
3.659999999999944 -0.0027155578677781184 -0.0027035229596674673
3.664999999999944 -0.002719884939318616 -0.00270780683199658
3.669999999999944 -0.0027242274906920704 -0.0027121060824626475
3.674999999999944 -0.0027285855082773113 -0.0027164207731369115
3.6799999999999438 -0.002732958953385684 -0.0027207509380946394
3.6849999999999437 -0.002737347763353004 -0.0027250965844437492
3.6899999999999435 -0.0027417518526266023 -0.0027294576933749497
3.6949999999999434 -0.002746171113877997 -0.0027338342212306172
3.6999999999999433 -0.0027506054191102796 -0.002738226100589627
3.7049999999999432 -0.0027550546207812106 -0.0027426332413651917
3.709999999999943 -0.0027595185529172292 -0.002747055531912699
3.714999999999943 -0.0027639970322289697 -0.002751492840144458
3.719999999999943 -0.0027684898592304926 -0.0027559450146478225
3.724999999999943 -0.0027729968193469083 -0.0027604118858036582
3.7299999999999427 -0.0027775176840067126 -0.0027648932669033428
3.7349999999999426 -0.002782052211736079 -0.002769388955261879
3.7399999999999425 -0.002786600149234978 -0.00277389873332405
3.7449999999999424 -0.002791161232433399 -0.002778422369761642
3.7499999999999423 -0.0027957351875414257 -0.002782959620559805
3.754999999999942 -0.002800321732070463 -0.002787510230090208
3.759999999999942 -0.002804920575842351 -0.0027920739321690663
3.764999999999942 -0.0028095314219755536 -0.0027966504510981466
3.769999999999942 -0.0028141539678412397 -0.0028012395026872127
3.7749999999999417 -0.002818787906005675 -0.0028058407952563104
3.7799999999999416 -0.0028234329251436395 -0.0028104540306159776
3.7849999999999415 -0.0028280887109154653 -0.002815078905024353
3.7899999999999414 -0.0028327549468354007 -0.0028197151101199015
3.7949999999999413 -0.0028374313150939024 -0.002824362333828163
3.799999999999941 -0.0028421174973606075 -0.002829020261241832
3.804999999999941 -0.0028468131755549886 -0.0028336885754731847
3.809999999999941 -0.002851518032580329 -0.0028383669584778485
3.814999999999941 -0.0028562317530421793 -0.0028430550918489604
3.8199999999999408 -0.00286095402391613 -0.0028477526575810498
3.8249999999999407 -0.002865684535197442 -0.0028524593388035186
3.8299999999999406 -0.0028704229805133243 -0.0028571748204829733
3.8349999999999405 -0.0028751690576987806 -0.002861898790093835
3.8399999999999403 -0.0028799224693529064 -0.002866630938256809
3.8449999999999402 -0.0028846829233518225 -0.002871370959344962
3.84999999999994 -0.0028894501333272247 -0.0028761185520579705
3.85499999999994 -0.002894223819123945 -0.0028808734199642647
3.85999999999994 -0.002899003707215846 -0.0028856352720103683
3.86499999999994 -0.0029037895310957845 -0.0028904038229977634
3.8699999999999397 -0.0029085810316302734 -0.002895178794027725
3.8749999999999396 -0.0029133779573886605 -0.002899959912914366
3.8799999999999395 -0.0029181800649290598 -0.0029047469145662844
3.8849999999999394 -0.002922987119076446 -0.0029095395413368265
3.8899999999999393 -0.0029277988931449106 -0.002914337543343224
3.894999999999939 -0.002932615169153035 -0.002919140678755424
3.899999999999939 -0.0029374357380009637 -0.0029239487140549024
3.904999999999939 -0.0029422603996166405 -0.002928761424264229
3.909999999999939 -0.002947088963087978 -0.002933578593148108
3.9149999999999388 -0.002951921246753759 -0.002938400013386287
3.9199999999999386 -0.002956757078275631 -0.0029432254867192225
3.9249999999999385 -0.002961596294694227 -0.0029480548240667192
3.9299999999999384 -0.0029664387424455816 -0.002952887845620302
3.9349999999999383 -0.0029712842773672627 -0.002957724380910801
3.939999999999938 -0.0029761327646766304 -0.0029625642688517794
3.944999999999938 -0.0029809840789307477 -0.0029674073577594315
3.949999999999938 -0.002985838103960846 -0.0029722535053499054
3.954999999999938 -0.0029906947328001226 -0.0029771025787146865
3.959999999999938 -0.0029955538675720166 -0.002981954454275043
3.9649999999999377 -0.0030004154193880896 -0.0029868090177165257
3.9699999999999376 -0.0030052793082029033 -0.0029916661639042986
3.9749999999999375 -0.0030101454626751604 -0.0029965257967805013
3.9799999999999374 -0.0030150138199945557 -0.003001387829244527
3.9849999999999373 -0.0030198843257154668 -0.003006252183016845
3.989999999999937 -0.003024756933562383 -0.003011118788487276
3.994999999999937 -0.0030296316052251387 -0.003015987584549144
3.999999999999937 -0.00303450831015326 -0.0030208585184200087
4.004999999999937 -0.00303938702532884 -0.003025731545449439
4.009999999999937 -0.003044267735040367 -0.0030306066289151343
4.014999999999937 -0.0030491504306346608 -0.003035483739808616
4.0199999999999365 -0.003054035110277289 -0.00304036285661113
4.024999999999936 -0.0030589217786965318 -0.0030452439650602635
4.029999999999936 -0.0030638104469237763 -0.0030501270579084846
4.034999999999936 -0.003068701132026283 -0.003055012134674756
4.039999999999936 -0.0030735938568458147 -0.0030598992013896034
4.044999999999936 -0.0030784886497164424 -0.0030647882703344694
4.049999999999936 -0.003083385544202688 -0.0030696793597763056
4.054999999999936 -0.0030882845788107248 -0.003074572493698205
4.059999999999936 -0.0030927984124454184 -0.0030794677015270003
4.0649999999999356 -0.0030958258949678507 -0.0030843408063411675
4.0699999999999354 -0.003098882992303188 -0.0030890361639538005
4.074999999999935 -0.0031019715100339385 -0.0030932667919996264
4.079999999999935 -0.003105099921620913 -0.0030968660415249772
4.084999999999935 -0.0031082901862236677 -0.003099942967932538
4.089999999999935 -0.003111573263567949 -0.0031027782137959116
4.094999999999935 -0.0031149768517843767 -0.0031056519097675977
4.099999999999935 -0.003118517107462174 -0.0031087313673377618
4.104999999999935 -0.003122197882678111 -0.0031120541382889037
4.109999999999935 -0.0031260152010515294 -0.003115576139673514
4.1149999999999345 -0.0031299628454246986 -0.003119234488883164
4.119999999999934 -0.003134036068723563 -0.0031229891043652457
4.124999999999934 -0.0031382326049007214 -0.0031268331033814344
4.129999999999934 -0.0031425517919952775 -0.0031307814489968193
4.134999999999934 -0.0031469931435426303 -0.003134853493390863
4.139999999999934 -0.003151555351609086 -0.0031390608911358547
4.144999999999934 -0.0031562360375635154 -0.0031434044906181358
4.149999999999934 -0.003161032050543392 -0.003147877748448597
4.154999999999934 -0.003165939931348126 -0.0031524720972482723
4.1599999999999335 -0.003170956248582558 -0.0031571807828045767
4.164999999999933 -0.003176077707419858 -0.0031619999960908183
4.169999999999933 -0.00318130108702379 -0.0031669279745937225
4.174999999999933 -0.0031866231208898727 -0.0031719634360245588
4.179999999999933 -0.0031920404105410826 -0.0031771044197944913
4.184999999999933 -0.0031975494055995397 -0.00318234792730086
4.189999999999933 -0.003203146435709476 -0.003187690184401597
4.194999999999933 -0.0032088277606630872 -0.003193127123805586
4.199999999999933 -0.0032145896112359103 -0.0031986547580436673
4.204999999999933 -0.0032204282099480494 -0.0032042693151454692
4.2099999999999325 -0.0032263397755253028 -0.0032099671826560975
4.214999999999932 -0.0032323205209175017 -0.0032157447787815384
4.219999999999932 -0.0032383666532717664 -0.0032215984515516645
4.224999999999932 -0.003244474379299774 -0.0032275244476371694
4.229999999999932 -0.003250639915133513 -0.0032335189394506266
4.234999999999932 -0.003256859497722583 -0.0032395780755449595
4.239999999999932 -0.003263129395264478 -0.003245698023446941
4.244999999999932 -0.003269445915516098 -0.003251874991441192
4.249999999999932 -0.003275805412237333 -0.0032581052319897367
4.2549999999999315 -0.003282204290615657 -0.003264385037061737
4.259999999999931 -0.003288639012442112 -0.003270710734799298
4.264999999999931 -0.0032951061014153344 -0.003277078691865903
4.269999999999931 -0.0033016021485234768 -0.003283485320900361
4.274999999999931 -0.0033081238172575334 -0.0032899270900722468
4.279999999999931 -0.003314667848439216 -0.0032964005318707216
4.284999999999931 -0.003321231064538524 -0.0033029022497397067
4.289999999999931 -0.003327810373511428 -0.003309428922670149
4.294999999999931 -0.003334402772223919 -0.0033159773086337547
4.2999999999999305 -0.0033410053495561602 -0.0033225442477389146
4.30499999999993 -0.003347615289211264 -0.003329126665559935
4.30999999999993 -0.003354229872251129 -0.003335721576636541
4.31499999999993 -0.0033608464793396754 -0.0033423260878948837
4.31999999999993 -0.0033674625926758493 -0.0033489374017313255
4.32499999999993 -0.00337407579761522 -0.003355552818625136
4.32999999999993 -0.0033806837840039483 -0.0033621697392836034
4.33499999999993 -0.003387284347208071 -0.0033687856664015884
4.33999999999993 -0.003393875388884283 -0.003375398206125144
4.34499999999993 -0.0034004549174860505 -0.003382005069272438
4.3499999999999295 -0.00340702104852738 -0.0033886040723235832
4.354999999999929 -0.0034135720045950194 -0.00339519313816716
4.359999999999929 -0.003420106115142616 -0.0034017702965881504
4.364999999999929 -0.003426621816044604 -0.0034083336844924162
4.369999999999929 -0.0034331176489444536 -0.0034148815458759033
4.374999999999929 -0.003439592260397974 -0.003421412231554139
4.379999999999929 -0.0034460444008194086 -0.0034279241986690918
4.384999999999929 -0.0034524729232455215 -0.003434416009988087
4.389999999999929 -0.003458876781922982 -0.0034408863330053197
4.3949999999999285 -0.0034652550307361545 -0.0034473339388538006
4.399999999999928 -0.0034716068214829935 -0.0034537577010352264
4.404999999999928 -0.0034779314019928276 -0.0034601565939768185
4.409999999999928 -0.003484228114126727 -0.0034665296914249727
4.414999999999928 -0.003490496391637423 -0.0034728761646855622
4.419999999999928 -0.0034967357579238677 -0.0034791952807213026
4.424999999999928 -0.0035029458236756766 -0.00348548640011633
4.429999999999928 -0.0035091262844154343 -0.00349174897491786
4.434999999999928 -0.0035152769179612364 -0.0034979825463642717
4.439999999999928 -0.0035213975818051235 -0.00350418674250837
4.4449999999999275 -0.003527488210416871 -0.003510361275745056
4.449999999999927 -0.003533548812496244 -0.0035165059402523604
4.454999999999927 -0.0035395794681586366 -0.003522620609354535
4.459999999999927 -0.00354558032608243 -0.003528705232816122
4.464999999999927 -0.0035515516006154983 -0.003534759834075292
4.469999999999927 -0.00355749356885457 -0.003540784507424505
4.474999999999927 -0.0035634065676911054 -0.003546779415146833
4.479999999999927 -0.0035692909908580004 -0.00355274478461566
4.484999999999927 -0.0035751472859432095 -0.0035586809053651416
4.4899999999999265 -0.0035809759514320405 -0.0035645881261386543
4.494999999999926 -0.0035867775337189234 -0.0035704668519223604
4.499999999999926 -0.00359255262415337 -0.0035763175409711276
4.504999999999926 -0.003598301856092191 -0.0035821407018328264
4.509999999999926 -0.0036040259019766148 -0.003587936890377138
4.514999999999926 -0.0036097254704283103 -0.0035937067068356238
4.519999999999926 -0.0036154013033838856 -0.0035994507928588187
4.524999999999926 -0.0036210541732690565 -0.003605169828595295
4.529999999999926 -0.00362668488020003 -0.003610864529798173
4.5349999999999255 -0.0036322942492465248 -0.0036165356449644297
4.539999999999925 -0.003637883127731719 -0.0036221839525114627
4.544999999999925 -0.003643452382593489 -0.0036278102579954882
4.549999999999925 -0.0036490028977905057 -0.003633415391376181
4.554999999999925 -0.003654535571788705 -0.0036390002043311344
4.559999999999925 -0.0036600513150882668 -0.003644565567623875
4.564999999999925 -0.0036655510478271836 -0.003650112368529539
4.569999999999925 -0.0036710356974540923 -0.0036556415083210114
4.574999999999925 -0.003676506196473108 -0.0036611538998180338
4.579999999999925 -0.0036819634802453868 -0.003666650465002763
4.5849999999999245 -0.0036874084848895886 -0.003672132132704245
4.589999999999924 -0.0036928421452411225 -0.0036775998363534072
4.594999999999924 -0.0036982653928883664 -0.003683054511811158
4.599999999999924 -0.0037036791543002 -0.003688497095271363
4.604999999999924 -0.0037090843490202334 -0.0036939285212397193
4.609999999999924 -0.0037144818879524225 -0.003699349720590291
4.614999999999924 -0.0037198726717134535 -0.0037047616187012382
4.619999999999924 -0.0037252575890831603 -0.0037101651336704654
4.624999999999924 -0.0037306375155243443 -0.003715561174611585
4.6299999999999235 -0.0037360133117871953 -0.0037209506400309816
4.634999999999923 -0.0037413858226009573 -0.0037263344162863487
4.639999999999923 -0.0037467558754370202 -0.0037317133761267858
4.644999999999923 -0.003752124279365882 -0.0037370883773146703
4.649999999999923 -0.0037574918239774643 -0.0037424602613292854
4.654999999999923 -0.003762859278398044 -0.003747829852151828
4.659999999999923 -0.0037682273903779317 -0.003753197955130977
4.664999999999923 -0.0037735968854488793 -0.0037585653559287567
4.669999999999923 -0.0037789684661798063 -0.0037639328195458767
4.6749999999999226 -0.003784342811486273 -0.0037693010894253526
4.6799999999999224 -0.003789720576026833 -0.0037746708866340764
4.684999999999922 -0.003795102389664105 -0.003780042909121213
4.689999999999922 -0.003800488857005162 -0.0037854178310516317
4.694999999999922 -0.003805880557008243 -0.0037907963022129104
4.699999999999922 -0.0038112780426533526 -0.0037961789474949253
4.704999999999922 -0.003816681840682775 -0.0038015663664407013
4.709999999999922 -0.003822092451409207 -0.003806959132866392
4.714999999999922 -0.003827510348580926 -0.0038123577945486558
4.719999999999922 -0.003832935979308567 -0.003817762872978134
4.7249999999999215 -0.0038383697640522285 -0.0038231748631771144
4.729999999999921 -0.0038438120966641513 -0.0038285942335791498
4.734999999999921 -0.003849263344484105 -0.0038340214259686835
4.739999999999921 -0.0038547238484923155 -0.003839456855478702
4.744999999999921 -0.0038601939235061726 -0.0038449009106444683
4.749999999999921 -0.003865673858428677 -0.003850353953511482
4.754999999999921 -0.003871163916537581 -0.0038558163197954113
4.759999999999921 -0.0038766643358284984 -0.0038612883190914022
4.764999999999921 -0.0038821753293878858 -0.0038667702351305854
4.7699999999999205 -0.0038876970858147003 -0.0038722623260820615
4.77499999999992 -0.0038932297696646257 -0.0038777648248983277
4.77999999999992 -0.0038987735219522934 -0.003883277939701439
4.78499999999992 -0.0039043284606572466 -0.0038888018542075236
4.78999999999992 -0.003909894681288315 -0.003894336728187748
4.79499999999992 -0.003915472257453932 -0.003899882697963443
4.79999999999992 -0.003921061241468627 -0.0039054398769334006
4.80499999999992 -0.003926661664985563 -0.003911008356130928
4.80999999999992 -0.00393227353964133 -0.0039165882048083096
4.81499999999992 -0.003937896857729327 -0.0039221794710468175
4.8199999999999195 -0.003943531592886159 -0.003927782182389964
4.824999999999919 -0.003949177700794556 -0.00393339634649792
4.829999999999919 -0.0039548351198998855 -0.003939021951821212
4.834999999999919 -0.003960503772131951 -0.003944658968291576
4.839999999999919 -0.00396618356365597 -0.003950307348027557
4.844999999999919 -0.003971874385603749 -0.003955967026053058
4.849999999999919 -0.003977576114831618 -0.0039616379210275325
4.854999999999919 -0.003983288614677139 -0.003967319935985383
4.859999999999919 -0.003989011735716549 -0.003973012959082584
4.8649999999999185 -0.0039947453165172075 -0.003978716864349364
4.869999999999918 -0.004000489184408133 -0.003984431512446721
4.874999999999918 -0.004006243156228273 -0.0039901567514248224
4.879999999999918 -0.004012007039078109 -0.003995892417482395
4.884999999999918 -0.00401778063107545 -0.004001638335725234
4.889999999999918 -0.004023540227860255 -0.004007394320921997
4.894999999999918 -0.004029218663484642 -0.00401315870986705
4.899999999999918 -0.004034903468832778 -0.004018921846790237
4.904999999999918 -0.004040595475447757 -0.004024665814423039
4.9099999999999175 -0.004046294830969285 -0.004030379349131707
4.914999999999917 -0.004052002324557328 -0.004036067534641458
4.919999999999917 -0.004057719314439139 -0.004041746081488246
4.924999999999917 -0.004063447125542787 -0.004047431165424009
4.929999999999917 -0.004069186569857793 -0.0040531325545819065
4.934999999999917 -0.004074937842334155 -0.004058852376186043
4.939999999999917 -0.004080700717634277 -0.004064587865074635
4.944999999999917 -0.004086474840406242 -0.004070335107799006
4.949999999999917 -0.004092259937558603 -0.004076091575951005
4.954999999999917 -0.004098055889616718 -0.004081856787757632
4.9599999999999165 -0.004103862691903584 -0.004087631633933834
4.964999999999916 -0.00410968037471425 -0.004093417311272016
4.969999999999916 -0.004115508939792709 -0.0040992145729577155
4.974999999999916 -0.004121348336337361 -0.0041050235279656315
4.979999999999916 -0.004127198469739873 -0.004110843844973529
4.984999999999916 -0.004133059223254199 -0.004116675079797441
4.989999999999916 -0.004138930475435725 -0.004122516909065294
4.994999999999916 -0.004144812106123229 -0.004128369195779172
4.999999999999916 -0.004150703992837017 -0.004134231928558299
5.0049999999999155 -0.004156606003502296 -0.004140105120223453
5.009999999999915 -0.004162517990792944 -0.0041459887334693805
5.014999999999915 -0.004168439790333845 -0.004151882658006427
5.019999999999915 -0.004174371222214562 -0.004157786727460269
5.024999999999915 -0.0041803120939836735 -0.004163700750063094
5.029999999999915 -0.004186262203419341 -0.004169624532055872
5.034999999999915 -0.004192221340294748 -0.004175557885812621
5.039999999999915 -0.004198189287207236 -0.004181500625877639
5.044999999999915 -0.004204165819995103 -0.0041874525607086205
5.049999999999915 -0.004210150708201413 -0.00419341348660274
5.0549999999999145 -0.0042161437158215334 -0.004199383186336901
5.059999999999914 -0.004222144602296164 -0.0042053614315991925
5.064999999999914 -0.004228153123595818 -0.004211347986816783
5.069999999999914 -0.004234169033222964 -0.004217342612345015
5.074999999999914 -0.004240192083084195 -0.004223345066183021
5.079999999999914 -0.004246222024203221 -0.0042293551044576
5.084999999999914 -0.004252258607367964 -0.004235372481394395
5.089999999999914 -0.0042583015837315205 -0.004241396949405083
5.094999999999914 -0.004264350705400306 -0.004247428259560352
5.0999999999999135 -0.004270405726018877 -0.004253466162386686
5.104999999999913 -0.004276466401339055 -0.004259510408771867
5.109999999999913 -0.0042825324897479405 -0.0042655607507874884
5.114999999999913 -0.004288603752767569 -0.004271616942345767
5.119999999999913 -0.004294679955523226 -0.004277678739710049
5.124999999999913 -0.004300760867162129 -0.004283745901927512
5.129999999999913 -0.004306846261275073 -0.004289818191246538
5.134999999999913 -0.004312935916276318 -0.004295895373547226
5.139999999999913 -0.0043190296157648855 -0.004301977218782314
5.1449999999999125 -0.004325127148875511 -0.00430806350140921
5.149999999999912 -0.00433122831059255 -0.004314154000794446
5.154999999999912 -0.00433733290204717 -0.004320248501582515
5.159999999999912 -0.004343440730789104 -0.004326346794030375
5.164999999999912 -0.0043495516110342355 -0.004332448674313544
5.169999999999912 -0.004355665363892139 -0.004338553944809778
5.174999999999912 -0.004361781817566961 -0.004344662414363376
5.179999999999912 -0.00436790080753756 -0.0043507738985300946
5.184999999999912 -0.004374022176721528 -0.004356888219800765
5.189999999999912 -0.004380145775609695 -0.004363005207802054
5.1949999999999115 -0.004386271462379081 -0.004369124699474197
5.199999999999911 -0.004392399102994936 -0.004375246539225696
5.204999999999911 -0.004398528571281181 -0.004381370579065587
5.209999999999911 -0.004404659748974062 -0.004387496678714676
5.214999999999911 -0.004410792525761497 -0.00439362470569636
5.219999999999911 -0.004416926799298651 -0.004399754535407243
5.224999999999911 -0.004423062475203257 -0.004405886051168294
5.229999999999911 -0.004429199467047456 -0.00441201914425685
5.234999999999911 -0.004435337696307818 -0.0044181537139200405
5.2399999999999105 -0.004441477092325752 -0.004424289667370366
5.24499999999991 -0.004447617592235083 -0.004430426919763558
5.24999999999991 -0.004453759140882707 -0.0044365653941596484
5.25499999999991 -0.004459901690728664 -0.004442705021468333
5.25999999999991 -0.004466045201743648 -0.00444884574037897
5.26499999999991 -0.0044721896412819335 -0.004454987497275869
5.26999999999991 -0.004478334983948619 -0.004461130246139864
5.27499999999991 -0.004484481211456266 -0.004467273948436645
5.27999999999991 -0.004490628312467652 -0.004473418572992353
5.2849999999999095 -0.004496776282432006 -0.004479564095857396
5.289999999999909 -0.004502925123408772 -0.004485710500159228
5.294999999999909 -0.0045090748438847 -0.0044918577759447825
5.299999999999909 -0.004515225458584688 -0.004498005920013103
5.304999999999909 -0.004521376988271419 -0.004504154935738878
5.309999999999909 -0.004527529459542782 -0.004510304832887696
5.314999999999909 -0.004533682904623364 -0.004516455627423642
5.319999999999909 -0.004539837361144951 -0.004522607341310072
5.324999999999909 -0.004545992871931107 -0.004528760002304259
5.329999999999909 -0.004552149484767109 -0.0045349136437462505
5.3349999999999085 -0.004558307252184736 -0.004541068304342419
5.339999999999908 -0.004564466231219334 -0.004547224027944662
5.344999999999908 -0.004570626483191763 -0.004553380863326221
5.349999999999908 -0.004576788073461189 -0.004559538863954525
5.354999999999908 -0.004582951071206306 -0.004565698087761403
5.359999999999908 -0.004589115549179127 -0.0045718585969112034
5.364999999999908 -0.004595281583477651 -0.004578020457567691
5.369999999999908 -0.004601449253312926 -0.004584183739660147
5.374999999999908 -0.004607618640770023 -0.004590348516649262
5.3799999999999075 -0.004613789830586511 -0.004596514865293344
5.384999999999907 -0.00461996290991842 -0.004602682865415025
5.389999999999907 -0.004626137968116449 -0.004608852599669344
5.394999999999907 -0.00463231509650091 -0.004615024153313755
5.399999999999907 -0.004638494388145734 -0.004621197613980157
5.404999999999907 -0.004644675937661672 -0.004627373071449462
5.409999999999907 -0.004650859840979686 -0.004633550617429427
5.414999999999907 -0.004657046195148812 -0.004639730345335913
5.419999999999907 -0.004663235098130822 -0.004645912350077493
5.424999999999907 -0.0046694266486057056 -0.004652096727844087
5.4299999999999065 -0.004675620945774064 -0.0046582835759003925
5.434999999999906 -0.004681818089173556 -0.004664472992384323
5.439999999999906 -0.004688018178498141 -0.004670665076110309
5.444999999999906 -0.004694221313419419 -0.004676859926377822
5.449999999999906 -0.004700427593422234 -0.004683057642785516
5.454999999999906 -0.004706637117635108 -0.004689258325051121
5.459999999999906 -0.004712849984682851 -0.004695462072837261
5.464999999999906 -0.004719066292531268 -0.004701668985583432
5.469999999999906 -0.004725286138344928 -0.004707879162344732
5.4749999999999055 -0.004731509618349251 -0.004714092701637258
5.479999999999905 -0.004737736827709207 -0.004720309701289709
5.484999999999905 -0.004743967860399115 -0.004726530258301648
5.489999999999905 -0.004750202809089929 -0.004732754468709079
5.494999999999905 -0.004756441765046484 -0.004738982427456935
5.499999999999905 -0.004762684818020996 -0.004745214228278486
5.504999999999905 -0.004768932056159119 -0.004751449963582148
5.509999999999905 -0.004775183565919475 -0.004757689724345206
5.514999999999905 -0.004781439431989232 -0.004763933600014333
5.5199999999999045 -0.004787699737212981 -0.0047701816784134704
5.524999999999904 -0.004793964562532249 -0.004776434045658939
5.529999999999904 -0.0048002339869189555 -0.0047826907860817475
5.534999999999904 -0.004806508087330763 -0.004788951982157117
5.539999999999904 -0.004812786938665402 -0.004795217714440711
5.544999999999904 -0.004819070613718562 -0.0048014880615117415
5.549999999999904 -0.0048253591831607205 -0.004807763099923019
5.554999999999904 -0.00483165271550445 -0.004814042904157741
5.559999999999904 -0.004837951277089272 -0.004820327546593171
5.564999999999904 -0.004844254932072227 -0.004826617097470749
5.5699999999999035 -0.0048505637424162765 -0.004832911624872549
5.574999999999903 -0.004856877767893207 -0.00483921119470424
5.579999999999903 -0.004863197066088531 -0.0048455158706840785
5.584999999999903 -0.004869521692415285 -0.004851825714337763
5.589999999999903 -0.004875851700122672 -0.004858140784999427
5.594999999999903 -0.004882187140327182 -0.00486446113981839
5.599999999999903 -0.004888528062034415 -0.004870786833771184
5.604999999999903 -0.004894874512166991 -0.004877117919679117
5.609999999999903 -0.004901226535609395 -0.004883454448230991
5.6149999999999025 -0.004907584175242723 -0.004889796468010519
5.619999999999902 -0.0049139474719893045 -0.004896144025528862
5.624999999999902 -0.0049203164648636 -0.004902497165261903
5.629999999999902 -0.0049266911910282795 -0.004908855929691634
5.634999999999902 -0.0049330716858411615 -0.004915220359351925
5.639999999999902 -0.004939457982925319 -0.0049215904928784715
5.644999999999902 -0.004945850114222646 -0.004927966367062248
5.649999999999902 -0.004952248110072504 -0.00493434801690637
5.654999999999902 -0.0049586519992676275 -0.004940735475686588
5.6599999999999016 -0.004965061809132906 -0.004947128775015394
5.6649999999999014 -0.004971477565598786 -0.0049535279449088995
5.669999999999901 -0.004977899293277654 -0.004959933013856218
5.674999999999901 -0.004984327015538504 -0.004966344008891668
5.679999999999901 -0.004990760754593025 -0.004972760955669374
5.684999999999901 -0.004997200531571954 -0.004979183878539898
5.689999999999901 -0.005003646366611966 -0.004985612800628928
5.694999999999901 -0.005010098278940278 -0.00499204774391779
5.699999999999901 -0.005016556286955056 -0.004998488729325678
5.704999999999901 -0.005023020408319651 -0.005004935776793291
5.7099999999999005 -0.005029490660045803 -0.005011388905367453
5.7149999999999 -0.005035967058578813 -0.005017848133287023
5.7199999999999 -0.00504244961989258 -0.005024313478069714
5.7249999999999 -0.005048938359572602 -0.005030784956599413
5.7299999999999 -0.005055433292907381 -0.0050372625852141955
5.7349999999999 -0.0050619344349710025 -0.005043746379794811
5.7399999999999 -0.0050684418007232775 -0.005050236355853022
5.7449999999999 -0.005074955405087194 -0.005056732528619883
5.7499999999999 -0.005081475263039548 -0.005063234913134469
5.7549999999998995 -0.005088001389700744 -0.005069743524332421
5.759999999999899 -0.005094533800416488 -0.005076258377133847
5.764999999999899 -0.005101072510846175 -0.0050827794865307635
5.769999999999899 -0.005107617537047734 -0.0050893068676738235
5.774999999999899 -0.005114168895557521 -0.005095840535958353
5.779999999999899 -0.005120726603477227 -0.005102380507109626
5.784999999999899 -0.005127290678549095 -0.005108926797267109
5.789999999999899 -0.005133861139246603 -0.005115479423067549
5.794999999999899 -0.005140438004837989 -0.0051220384017271305
5.799999999999899 -0.005147021295475447 -0.005128603751122639
5.8049999999998985 -0.005153611032263758 -0.005135175489870965
5.809999999999898 -0.005160207237337406 -0.005141753637407028
5.814999999999898 -0.005166809933934866 -0.005148338214060353
5.819999999999898 -0.005173419146461176 -0.005154929241130397
5.824999999999898 -0.005180034900566695 -0.005161526740960398
5.829999999999898 -0.005186657223208303 -0.005168130737009281
5.834999999999898 -0.005193286142716624 -0.005174741253921955
5.839999999999898 -0.005199921688860548 -0.005181358317598021
5.844999999999898 -0.005206563892907521 -0.005187981955258709
5.8499999999998975 -0.005213212787686221 -0.005194612195512067
5.854999999999897 -0.0052198684076440694 -0.0052012490684164026
5.859999999999897 -0.005226530788902398 -0.005207892605542094
5.864999999999897 -0.005233199969313037 -0.005214542840031639
5.869999999999897 -0.005239875988510798 -0.005221199806657705
5.874999999999897 -0.0052465588879665554 -0.005227863541879319
5.879999999999897 -0.00525324871103702 -0.005234534083896422
5.884999999999897 -0.005259945503007432 -0.0052412114727029835
5.889999999999897 -0.005266649311148644 -0.005247895750138318
5.8949999999998965 -0.005272218850558565 -0.005254586959936477
5.899999999999896 -0.005276084934320926 -0.005261213814387113
5.904999999999896 -0.005279992567406024 -0.00526748487523744
5.909999999999896 -0.005283945237879832 -0.005272984279648574
5.914999999999896 -0.005287956140095949 -0.0052775419876245865
5.919999999999896 -0.0052920537094971855 -0.005281382441334002
5.924999999999896 -0.005296274321647029 -0.00528493732166209
5.929999999999896 -0.005300648844907744 -0.005288597190625969
5.934999999999896 -0.00530519472825753 -0.0052925692049885864
5.939999999999896 -0.0053099163539771874 -0.00529687417467552
5.9449999999998955 -0.005314810552460115 -0.005301428754952694
5.949999999999895 -0.005319872699971316 -0.005306138222703661
5.954999999999895 -0.005325100381707805 -0.00531095153936879
5.959999999999895 -0.005330494030286357 -0.005315869356137143
5.964999999999895 -0.005336055636995533 -0.00532092232845971
5.969999999999895 -0.005341787061520755 -0.005326143743298783
5.974999999999895 -0.005347688971507152 -0.005331552535721459
5.979999999999895 -0.005353760669971163 -0.005337150529400364
5.984999999999895 -0.00536000051486838 -0.005342929043591476
5.9899999999998945 -0.005366406473134115 -0.005348877541790843
5.994999999999894 -0.005372976486383092 -0.005354989211557785
5.999999999999894 -0.005379708559444751 -0.005361262110585816
6.004999999999894 -0.005386600657355561 -0.005367697281151407
6.009999999999894 -0.005393650552133519 -0.005374296099155939
6.014999999999894 -0.00540085572265204 -0.00538105849955123
6.019999999999894 -0.005408213339222003 -0.005387982567585339
6.024999999999894 -0.0054157203090031535 -0.005395065101095151
6.029999999999894 -0.005423373339100222 -0.0054023024474572235
6.034999999999894 -0.005431168984539649 -0.005409691090807616
6.0399999999998935 -0.0054391036701801 -0.005417227818066523
6.044999999999893 -0.00544717369314291 -0.005424909573813465
6.049999999999893 -0.005455375218961094 -0.005432733217838899
6.054999999999893 -0.005463704281812102 -0.005440695352687418
6.059999999999893 -0.0054721567926045095 -0.005448792280598711
6.064999999999893 -0.005480728553088551 -0.005457020059755155
6.069999999999893 -0.005489415271999427 -0.005465374594342246
6.074999999999893 -0.005498212579874778 -0.005473851705139711
6.079999999999893 -0.00550711604130638 -0.0054824471602640075
6.0849999999998925 -0.00551612116504602 -0.0054911566740762936
6.089999999999892 -0.005525223413191097 -0.005499975894247622
6.094999999999892 -0.005534418210475664 -0.005508900393895016
6.099999999999892 -0.005543700954075177 -0.00551792567569569
6.104999999999892 -0.005553067023806105 -0.005527047185894807
6.109999999999892 -0.0055625117923180705 -0.005536260332097179
6.114999999999892 -0.005572030634965491 -0.005545560499460466
6.119999999999892 -0.005581618939179529 -0.005554943062941904
6.124999999999892 -0.005591272113371895 -0.005564403396094474
6.1299999999998915 -0.005600985595481647 -0.005573936878253747
6.134999999999891 -0.005610754861234782 -0.005583538901805149
6.139999999999891 -0.005620575432193399 -0.005593204880305492
6.144999999999891 -0.005630442883548893 -0.005602930257336167
6.149999999999891 -0.005640352851640708 -0.005612710515519622
6.154999999999891 -0.005650301041156577 -0.0056225411851552835
6.159999999999891 -0.0056602832319921905 -0.005632417852207767
6.164999999999891 -0.005670295285781919 -0.005642336165663655
6.169999999999891 -0.0056803331520809365 -0.005652291844422138
6.174999999999891 -0.005690392874244521 -0.005662280683885576
6.1799999999998905 -0.005700470594970364 -0.005672298562333517
6.18499999999989 -0.005710562561537832 -0.00568234144707582
6.18999999999989 -0.005720665130715013 -0.005692405400332455
6.19499999999989 -0.005730774773346997 -0.005702486584785925
6.19999999999989 -0.0057408880786169614 -0.005712581268777621
6.20499999999989 -0.005751001757991577 -0.005722685831147512
6.20999999999989 -0.005761112648838663 -0.005732796765733586
6.21499999999989 -0.005771217717742428 -0.005742910685549606
6.21999999999989 -0.005781314063493581 -0.005753024326652834
6.2249999999998895 -0.005791398919787794 -0.0057631345517050415
6.229999999999889 -0.005801469657617454 -0.0057732383532251635
6.234999999999889 -0.005811523787358884 -0.005783332856532379
6.239999999999889 -0.005821558960582655 -0.005793415322380892
6.244999999999889 -0.005831572971569407 -0.00580348314929034
6.249999999999889 -0.005841563758539503 -0.005813533875578821
6.254999999999889 -0.005851529404628932 -0.005823565181105563
6.259999999999889 -0.005861468138581937 -0.005833574888729714
6.264999999999889 -0.005871378335191686 -0.00584356096549228
6.2699999999998886 -0.005881258515492893 -0.005853521523527447
6.2749999999998884 -0.005891107346708167 -0.005863454820709437
6.279999999999888 -0.005900923641959865 -0.005873359261042236
6.284999999999888 -0.005910706359756352 -0.005883233394799893
6.289999999999888 -0.005920454603258754 -0.0058930759184252935
6.294999999999888 -0.005930167619341117 -0.005902885674195624
6.299999999999888 -0.0059398447974478965 -0.0059126616496630036
6.304999999999888 -0.005949485668265114 -0.005922402976879018
6.309999999999888 -0.005959089902200961 -0.00593210893141218
6.314999999999888 -0.005968657307705259 -0.0059417789311672475
6.3199999999998875 -0.005978187829420112 -0.005951412535015289
6.324999999999887 -0.005987681546176433 -0.005961009441244094
6.329999999999887 -0.00599713866884948 -0.0059705694858385025
6.334999999999887 -0.006006559538084214 -0.0059800926405998165
6.339999999999887 -0.006015944621890916 -0.0059895790111140455
6.344999999999887 -0.006025294513129902 -0.0059990288345791246
6.349999999999887 -0.006034609926894992 -0.0060084424775007535
6.354999999999887 -0.006043891697795346 -0.0060178204332665755
6.359999999999887 -0.0060531407771702486 -0.006027163319608541
6.3649999999998865 -0.006062358230204125 -0.006036471875963624
6.369999999999886 -0.006071545233002206 -0.006045746960743033
6.374999999999886 -0.006080703069598532 -0.006054989548519237
6.379999999999886 -0.006089833128920725 -0.006064200727140861
6.384999999999886 -0.006098936901728794 -0.006073381694785596
6.389999999999886 -0.0061080159775122 -0.006082533756960995
6.394999999999886 -0.006117072041393408 -0.0060916583234629385
6.399999999999886 -0.006126106871007051 -0.006100756905301317
6.404999999999886 -0.006135122333389658 -0.0061098311116029504
6.409999999999886 -0.006144120381890489 -0.00611888264650112
6.4149999999998855 -0.006153103053092785 -0.006127913306021141
6.419999999999885 -0.006162072463773574 -0.006136924974972114
6.424999999999885 -0.006171030807902984 -0.006145919623854121
6.429999999999885 -0.006179980353694658 -0.006154899305789799
6.434999999999885 -0.006188923440716277 -0.00616386615348954
6.439999999999885 -0.006197862477069798 -0.006172822376259717
6.444999999999885 -0.00620679993664034 -0.006181770257063448
6.449999999999885 -0.006215738356443303 -0.006190712149642798
6.454999999999885 -0.0062246803340583285 -0.006199650475710843
6.4599999999998845 -0.0062336285251731755 -0.0062085877222226365
6.464999999999884 -0.006242585641231289 -0.006217526438734362
6.469999999999884 -0.00625155444720874 -0.00622646923485945
6.474999999999884 -0.006260537759515889 -0.006235418777830007
6.479999999999884 -0.006269538444041041 -0.0062443777901721766
6.484999999999884 -0.006278559414339331 -0.006253349047504261
6.489999999999884 -0.006287603629974716 -0.006262335376466525
6.494999999999884 -0.006296674095033113 -0.006271339652791216
6.499999999999884 -0.0063057738568032175 -0.006280364799521308
6.5049999999998835 -0.0063149060046412036 -0.006289413785386844
6.509999999999883 -0.0063240736690276704 -0.006298489623347665
6.514999999999883 -0.006333280020824169 -0.006307595369311176
6.519999999999883 -0.006342528270740136 -0.006316734121034131
6.524999999999883 -0.006351821669021538 -0.006325909017217572
6.529999999999883 -0.0063611635053640115 -0.0063351232368043355
6.534999999999883 -0.006370557109071263 -0.006344379998488628
6.539999999999883 -0.006380005849458816 -0.006353682560447173
6.544999999999883 -0.006389513136526017 -0.006363034220301762
6.549999999999883 -0.0063990824218887995 -0.00637243831532364
6.5549999999998825 -0.00640871720001146 -0.006381898222890337
6.559999999999882 -0.006418421009720468 -0.006391417361205763
6.564999999999882 -0.006428197436125299 -0.006400999190295078
6.569999999999882 -0.006438050113485968 -0.006410647213291531
6.574999999999882 -0.006447982725219703 -0.0064203649780810645
6.579999999999882 -0.006457999009273336 -0.00643015607923036
6.584999999999882 -0.006468102760510838 -0.006440024160083235
6.589999999999882 -0.006478297834308894 -0.0064499729152136115
6.594999999999882 -0.006488588150579109 -0.006460006093374442
6.5999999999998815 -0.006498977698206229 -0.006470127500872277
6.604999999999881 -0.006509470539941519 -0.00648034100531699
6.609999999999881 -0.006520070817768262 -0.006490650539737879
6.614999999999881 -0.0065307827587532145 -0.0065010601070941455
6.619999999999881 -0.006541610681429063 -0.00651157378522493
6.624999999999881 -0.0065525590027275555 -0.0065221957322822875
6.629999999999881 -0.0065636322454975795 -0.006532930192680833
6.634999999999881 -0.006574835046638031 -0.006543781503589276
6.639999999999881 -0.0065861721658912265 -0.006554754101985743
6.644999999999881 -0.006597648495334123 -0.006565852532301725
6.6499999999998805 -0.006609269069593246 -0.006577081454686607
6.65499999999988 -0.006621039076863066 -0.0065884456539309945
6.65999999999988 -0.006632963870745564 -0.006599950049091247
6.66499999999988 -0.006645048982988118 -0.006611599703861444
6.66999999999988 -0.006657300137179503 -0.006623399837741445
6.67499999999988 -0.006669723263451385 -0.0066353558380529845
6.67999999999988 -0.0066823245142800585 -0.006647473272860059
6.68499999999988 -0.006695110281452637 -0.006659757904854047
6.68999999999988 -0.006708087214286715 -0.006672215706269975
6.6949999999998795 -0.0067212622391995295 -0.006684852874907053
6.699999999999879 -0.0067346425807147435 -0.0066976758513333625
6.704999999999879 -0.0067482357840373645 -0.006710691337361429
6.709999999999879 -0.0067620497393000925 -0.006723906315888662
6.714999999999879 -0.006776092707616992 -0.006737328072205583
6.719999999999879 -0.006790373349084315 -0.006750964216883938
6.724999999999879 -0.006804900752893323 -0.00676482271036611
6.729999999999879 -0.006819684469708268 -0.006778911889388309
6.734999999999879 -0.006834734546495878 -0.006793240495382401
6.7399999999998785 -0.006850061564009438 -0.006807817705013329
6.744999999999878 -0.006865676677135809 -0.006822653163021939
6.749999999999878 -0.006881591658336723 -0.006837757017557934
6.754999999999878 -0.006897818944423183 -0.006853139958203482
6.759999999999878 -0.006914371686934525 -0.006868813256903686
6.764999999999878 -0.006931263806411719 -0.006884788812035942
6.769999999999878 -0.006948510050831317 -0.006901079195867909
6.774999999999878 -0.006966126058541332 -0.00691769770567151
6.779999999999878 -0.0069841284260148484 -0.006934658418775939
6.784999999999878 -0.007002534780716065 -0.00695197625185893
6.7899999999998775 -0.00702136385946066 -0.006969667024789122
6.794999999999877 -0.00704063559252985 -0.006987747529341245
6.799999999999877 -0.007060371193857552 -0.007006235603111359
6.804999999999877 -0.00708059325751372 -0.007025150208955873
6.809999999999877 -0.0071013258606556304 -0.007044511520262696
6.814999999999877 -0.0071225946729843535 -0.007064341012332476
6.819999999999877 -0.00714442707258112 -0.007084661560095171
6.824999999999877 -0.007166852267758738 -0.007105497542302914
6.829999999999877 -0.007189901424208734 -0.007126874952213479
6.8349999999998765 -0.007213607796248981 -0.007148821514594689
6.839999999999876 -0.007238006860303687 -0.007171366808617568
6.844999999999876 -0.007263136447855263 -0.0071945423958358875
6.849999999999876 -0.007289036873792446 -0.007218381951935157
6.854999999999876 -0.007315751054441721 -0.007242921400222155
6.859999999999876 -0.007343324607129233 -0.007268199043846055
6.864999999999876 -0.00737180591998078 -0.007294255692399865
6.869999999999876 -0.007401246176222691 -0.007321134776714405
6.874999999999876 -0.007431699311300512 -0.0073488824431471025
6.8799999999998755 -0.007463221872899842 -0.007377547615240198
6.884999999999875 -0.007495872742761758 -0.007407182005941438
6.889999999999875 -0.0075297126638094744 -0.007437840057182974
6.894999999999875 -0.0075648034950980885 -0.007469578774864962
6.899999999999875 -0.007601207088230973 -0.00750245741531787
6.904999999999875 -0.00763898363951402 -0.007536536962923931
6.909999999999875 -0.007678189318311074 -0.007571879316124941
6.914999999999875 -0.007718872899013371 -0.007608546068310939
6.919999999999875 -0.007761071025717336 -0.007646596728090534
6.924999999999875 -0.007804801608038181 -0.007686086166258284
6.9299999999998745 -0.007850054676585618 -0.007727060999377959
6.934999999999874 -0.007896779813514507 -0.007769554516196676
6.939999999999874 -0.007944869021962161 -0.007813579616381522
6.944999999999874 -0.007994133634584748 -0.007859119055454118
6.949999999999874 -0.008044273657406549 -0.007906112073762218
6.954999999999874 -0.008094837958831798 -0.007954436241204964
6.959999999999874 -0.00814517425456728 -0.008003883110137796
6.964999999999874 -0.00819436944776463 -0.008054126126547144
6.969999999999874 -0.008241184381394644 -0.008104679391068185
6.9749999999998735 -0.008283993423063294 -0.008154846630838021
6.979999999999873 -0.00832074906200215 -0.008203661699987031
6.984999999999873 -0.008349003461190871 -0.008249825832063953
6.989999999999873 -0.008366027029433511 -0.0082916534402982
6.994999999999873 -0.008369057240309407 -0.008327047452511305
6.999999999999873 -0.008355676228516193 -0.008353534809767565
7.004999999999873 -0.00832425243694933 -0.008368397099177055
7.009999999999873 -0.00827431753727346 -0.008368921259945261
7.014999999999873 -0.008206735598885032 -0.008352763186377609
7.019999999999873 -0.008123587959932996 -0.00831836575134827
7.0249999999998725 -0.008027812974326944 -0.008265322951260862
