TIME COMMAND DEFL
0.0 0.0 0.0
0.008 0.0 0.0
0.016 0.0 0.0
0.024 0.0 0.0
0.032 -3.2281391884264687e-06 0.0
0.04 -6.622832792214037e-06 -5.16502270148235e-07
0.048 -3.544160896681703e-07 -2.753780692840457e-06
0.056 -2.850669863541239e-06 -5.535571628243749e-06
0.064 -6.924872112630501e-06 -5.2863156512765484e-06
0.07200000000000001 -1.4088161019620261e-05 -2.6379422301894002e-06
0.08000000000000002 -2.3193436979661518e-05 -3.5390300636024884e-06
0.08800000000000002 -3.4138228945646415e-05 -1.2489541979117004e-05
0.09600000000000003 -4.6870858228196494e-05 -2.7508393169324593e-05
0.10400000000000004 -6.134873401065554e-05 -4.227468036560617e-05
0.11200000000000004 -7.753583775022993e-05 -5.3072917382145424e-05
0.12000000000000005 -9.54129329386745e-05 -6.267077967423383e-05
0.12800000000000006 -0.00011497540601380336 -7.69655539767962e-05
0.13600000000000007 -0.00013621327243100158 -9.835358441578982e-05
0.14400000000000007 -0.0001590939687545001 -0.00012321869145609876
0.15200000000000008 -0.00018356985482783776 -0.00014611876236653138
0.1600000000000001 -0.0002096044512010667 -0.00016580014723628007
0.1680000000000001 -0.00023718693085475747 -0.00018636899945885535
0.1760000000000001 -0.0002796603209671682 -0.00021253813999561427
0.1840000000000001 -0.00031681656595153193 -0.0002465439802236492
0.19200000000000012 -0.00035562039362768574 -0.0002877054118741024
0.20000000000000012 -0.0003959940340118652 -0.0003308663447415467
0.20800000000000013 -0.00043785835802878707 -0.00037020359163982724
0.21600000000000014 -0.00048116811414778944 -0.0004058738781386107
0.22400000000000014 -0.0005259273355314793 -0.00044365697922422504
0.23200000000000015 -0.000572140083008346 -0.000488388358416908
0.24000000000000016 -0.0006197519894076131 -0.0005386854963681646
0.24800000000000016 -0.0006686516203123588 -0.0005887011124835476
0.25600000000000017 -0.0007187342554531593 -0.0006346752212814759
0.2640000000000002 -0.000769957831714191 -0.0006788993309869506
0.2720000000000002 -0.000822326395481183 -0.0007268727706344265
0.2800000000000002 -0.0008758174580760597 -0.0007810763283199175
0.2880000000000002 -0.0009303350045271955 -0.0008383338683272503
0.2960000000000002 -0.0009857432471339163 -0.0008934831169160396
0.3040000000000002 -0.0010419452317104298 -0.000945045129070826
0.3120000000000002 -0.001098917972015987 -0.0009965962750932585
0.32000000000000023 -0.0011566632193516092 -0.0010525451777236184
0.32800000000000024 -0.0012151283015515682 -0.001113199899206503
0.33600000000000024 -0.0012741866302672749 -0.0011745543803897745
0.34400000000000025 -0.0013337011761247422 -0.0012328008434712983
0.35200000000000026 -0.0013936003634129007 -0.0012884056953250981
0.36000000000000026 -0.0014538808617025085 -0.0013453142241386673
0.36800000000000027 -0.001514533606069384 -0.0014063922688013722
0.3760000000000003 -0.0015754761338221527 -0.001470272917194723
0.3840000000000003 -0.0016365677206338718 -0.0015329851020730498
0.3920000000000003 -0.001697690755528027 -0.001592346162572628
0.4000000000000003 -0.001758807116558411 -0.001650180293133295
0.4080000000000003 -0.0018199263421979533 -0.0017100488971637025
0.4160000000000003 -0.0018810215959844986 -0.0017732000793974894
0.4240000000000003 -0.002033316504906722 -0.0018372526981362276
0.43200000000000033 -0.002111711206231068 -0.001913524673926954
0.44000000000000034 -0.0021895998909851376 -0.002022916582770318
0.44800000000000034 -0.002266532509946878 -0.0021497959449535585
0.45600000000000035 -0.0023415408662598876 -0.002248089749558232
0.46400000000000036 -0.0024140474941945584 -0.002299263789546172
0.47200000000000036 -0.002484757229818694 -0.0023336834370494513
0.48000000000000037 -0.002554946532218291 -0.002396025390560475
0.4880000000000004 -0.002625051273628373 -0.0024963172365986388
0.4960000000000004 -0.002694177542953778 -0.002601158172987595
0.5040000000000003 -0.002761086726668763 -0.0026726301249267188
0.5120000000000003 -0.0028255432132561925 -0.002709883559994781
0.5200000000000004 -0.0028885219529210075 -0.0027479455346126887
0.5280000000000004 -0.002951067264350108 -0.002817487252058163
0.5360000000000004 -0.0030130990274206512 -0.0029116337022953424
0.5440000000000004 -0.0030734951553428357 -0.0029955870615130387
0.5520000000000004 -0.0031313320005001556 -0.003046111528455582
0.5600000000000004 -0.00318687953025902 -0.0030761287303211074
0.5680000000000004 -0.0032412523527592125 -0.0031184985717112113
0.5760000000000004 -0.011327775518132957 -0.0031890478053531067
0.5840000000000004 -0.012174553811075095 -0.004555560128947285
0.5920000000000004 -0.012860760614498295 -0.008960390442686945
0.6000000000000004 -0.013423716377814402 -0.014497602519335146
0.6080000000000004 -0.013573605462201868 -0.01676260651884291
0.6160000000000004 -0.01314185255513491 -0.014428545008843942
0.6240000000000004 -0.012392390267177505 -0.010734982791358153
0.6320000000000005 -0.011773499841193772 -0.009760093303145466
0.6400000000000005 -0.011469706037699656 -0.012046181415880403
0.6480000000000005 -0.011271554922703077 -0.014415237526680514
0.6560000000000005 -0.010871045285564155 -0.0138120965807345
0.6640000000000005 -0.01021913766312831 -0.010651260441461237
0.6720000000000005 -0.009557108913808916 -0.0080849861942866
0.6800000000000005 -0.009128768583666312 -0.008352585902352567
0.6880000000000005 -0.00892344635572994 -0.01043357220704346
0.6960000000000005 -0.007958086693551768 -0.011441648301524318
0.7040000000000005 -0.007612791439568565 -0.00980342855178326
0.7120000000000005 -0.007165011416035094 -0.006811227460272183
0.7200000000000005 -0.006806978899157214 -0.005210293739600058
0.7280000000000005 -0.0066555228722225464 -0.006199694067169452
0.7360000000000005 -0.006631033785129174 -0.008172030387665227
0.7440000000000005 -0.006553321793026624 -0.008640569571984873
0.7520000000000006 -0.006339737885193781 -0.006988072524971523
0.7600000000000006 -0.006079480207059847 -0.0049803795930298
0.7680000000000006 -0.005916590113030484 -0.004656822418185528
0.7760000000000006 -0.005887528666800866 -0.006088306788441782
0.7840000000000006 -0.005892150059381409 -0.007446209190399973
0.7920000000000006 -0.005782806430920722 -0.007130719371205204
0.8000000000000006 -0.005584873723160496 -0.005486389013828915
0.8080000000000006 -0.005400684252080607 -0.004275333906971467
0.8160000000000006 -0.005312903507719769 -0.004659199751842963
0.8240000000000006 -0.005302382168833175 -0.005986753848294859
0.8320000000000006 -0.005280964804442957 -0.0066356545659898266
0.8400000000000006 -0.005193793311175797 -0.005846583889427602
0.8480000000000006 -0.0050703118581874144 -0.0044885617049018845
0.8560000000000006 -0.00498598384048755 -0.004000348200223023
0.8640000000000007 -0.00497297591648818 -0.004785441940472131
0.8720000000000007 -0.0048301967299603015 -0.005842771614374802
0.8800000000000007 -0.004668820594803961 -0.005924044769613617
0.8880000000000007 -0.004477011553280227 -0.004872845945713582
0.8960000000000007 -0.0042952704076807974 -0.003737788276029084
0.9040000000000007 -0.004164704047864565 -0.0035887285102679796
0.9120000000000007 -0.004082858307647314 -0.004365991373711077
0.9200000000000007 -0.004010762975554246 -0.0050196685249772385
0.9280000000000007 -0.003919971274010949 -0.004712147884973585
0.9360000000000007 -0.00381654463576325 -0.0037158802745233454
0.9440000000000007 -0.0037336643734214334 -0.0030509189787099487
0.9520000000000007 -0.003878839586173697 -0.003330949471400773
0.9600000000000007 -0.0036739690988837775 -0.004148788456309966
0.9680000000000007 -0.0038274059724936575 -0.004560413536456132
0.9760000000000008 -0.003973863787918134 -0.004101977753924589
0.9840000000000008 -0.004118663155161324 -0.0033387242125116423
0.9920000000000008 -0.004277500465125403 -0.0032261292439754972
1.0000000000000007 -0.004457441095968656 -0.004001311063481694
1.0080000000000007 -0.00465029444952313 -0.004939654073234495
1.0160000000000007 -0.004838959187037063 -0.005186306644588251
1.0240000000000007 -0.005013838764055553 -0.004694171822924423
1.0320000000000007 -0.0051863431855808185 -0.004233205045805017
1.0400000000000007 -0.005371383467288267 -0.004505195094322123
1.0480000000000007 -0.005569147862250437 -0.005377753165840337
1.0560000000000007 -0.005763408814286657 -0.006069669823277682
1.0640000000000007 -0.005950937670212255 -0.006036315313587165
1.0720000000000007 -0.006149275618816947 -0.005553125206766926
1.0800000000000007 -0.006345516162444536 -0.005378261543802179
1.0880000000000007 -0.0065510056694584855 -0.005903776439815822
1.0960000000000008 -0.00675898932358639 -0.006741388865958467
1.1040000000000008 -0.0069496469973632435 -0.0071803401573824885
1.1120000000000008 -0.007109996393498708 -0.006976693684549859
1.1200000000000008 -0.007246534338192433 -0.006591599208752175
1.1280000000000008 -0.007376087370627717 -0.006646735246158461
1.1360000000000008 -0.007504866163487786 -0.007234252023831708
1.1440000000000008 -0.00761924211393169 -0.007843363787945992
1.1520000000000008 -0.0076988713003946375 -0.007949796965421996
1.1600000000000008 -0.0077377072321822135 -0.007586956195863456
1.1680000000000008 -0.007749228187022294 -0.007275668163031095
1.1760000000000008 -0.007749728524270027 -0.007425754088593854
1.1840000000000008 -0.00773833436622743 -0.007893608477423963
1.1920000000000008 -0.007696328153991153 -0.008170013855657587
1.2000000000000008 -0.007606816098996231 -0.007955992246194189
1.2080000000000009 -0.0074727642532021205 -0.007474744260343086
1.2160000000000009 -0.007312964989051892 -0.0071950043673555735
1.2240000000000009 -0.007139503393578831 -0.007303789600152315
1.2320000000000009 -0.006491843729544805 -0.007519454247404397
1.2400000000000009 -0.006304303194235325 -0.0073553113923395
1.2480000000000009 -0.006072001687489368 -0.006639033863186284
1.256000000000001 -0.0058088283625926 -0.005824326294832834
1.264000000000001 -0.005543821136268579 -0.0055148791040049985
1.272000000000001 -0.00528914964603178 -0.0057439048170524745
1.280000000000001 -0.005021988029997095 -0.005951987511459549
1.288000000000001 -0.004708225943147033 -0.005625598651093633
1.296000000000001 -0.004340821174984067 -0.004848320948961916
1.304000000000001 -0.003948889351830751 -0.004165537374415513
1.312000000000001 -0.0035664183225491467 -0.003956544870250928
1.320000000000001 -0.0031954357421092833 -0.004033999391468632
1.328000000000001 -0.002805331918443161 -0.0038914408203609614
1.336000000000001 -0.0023695505298644342 -0.0032808024774575477
1.344000000000001 -0.0018983872974597023 -0.002464429062274251
1.352000000000001 -0.0014305924771011117 -0.00189123750171254
1.360000000000001 -0.000992983037803023 -0.0016955654472746511
1.368000000000001 -0.0005736612447765996 -0.001580070741475093
1.376000000000001 -0.0001484528003816623 -0.0011792743269679966
1.384000000000001 0.00020253821712809148 -0.000468205271119835
1.392000000000001 0.0005288907574511055 0.00021842648742843634
1.400000000000001 0.0007933090091866587 0.0005515894336114822
1.408000000000001 0.0009877742614994032 0.0005590100017639411
1.416000000000001 0.0011398126797816125 0.0005713306308338747
1.424000000000001 0.0012802385040560867 0.0008394330124982827
1.432000000000001 0.0014094212910452466 0.001271543924021658
1.440000000000001 0.0014992992119873924 0.001565610655213784
1.448000000000001 0.0015267299469287098 0.0015570577116658037
1.456000000000001 0.0014996133389872913 0.0013846053215704956
1.464000000000001 0.0014475777247841505 0.0013116024854700236
1.472000000000001 0.0013896896726102665 0.0014297607375448884
1.480000000000001 0.0013160847335829645 0.0015781339456517616
1.488000000000001 0.0012027699261479188 0.0015442549596370353
1.496000000000001 0.0007704805002534139 0.0013013544856408936
1.5040000000000011 0.0005704939178933399 0.0009773075869413165
1.5120000000000011 0.0003611201847871588 0.0006811437492214136
1.5200000000000011 0.00015245923077633882 0.0004659739418295895
1.5280000000000011 -5.965115761188332e-05 0.0003194908942651747
1.5360000000000011 -0.00028398031719584286 0.00016334223932940338
1.5440000000000011 -0.000521578735047422 -6.639208161948176e-05
1.5520000000000012 -0.0007678687451173656 -0.00035666774700983785
1.5600000000000012 -0.0010109107919729302 -0.0006387613178884036
1.5680000000000012 -0.0012449372155868635 -0.0008642862162527767
1.5760000000000012 -0.001473644916173895 -0.0010513289231388109
1.5840000000000012 -0.0017029566439461384 -0.0012562565656106626
1.5920000000000012 -0.0019318575192342389 -0.0015091981026404552
1.6000000000000012 -0.002151411622736627 -0.0017838729897572982
1.6080000000000012 -0.002352437034358799 -0.0020286118864724046
1.6160000000000012 -0.0025329554118615166 -0.002219528957111833
1.6240000000000012 -0.002697502007457318 -0.00237905714739301
1.6320000000000012 -0.0028497508503720083 -0.002545395658350659
1.6400000000000012 -0.0029869245914979094 -0.002729996235318509
1.6480000000000012 -0.003101794409343857 -0.002907524299093905
1.6560000000000012 -0.003189463142504197 -0.003044257446393899
1.6640000000000013 -0.003251325202209208 -0.0031315121991380116
1.6720000000000013 -0.003292310405408766 -0.0031900528487441033
1.6800000000000013 -0.0033149746598765354 -0.003244882354460857
1.6880000000000013 -0.0033169631375157436 -0.0032993318406874094
1.6960000000000013 -0.0032754383298669648 -0.003334196845717607
1.7040000000000013 -0.003209085403248704 -0.003326501156959497
1.7120000000000013 -0.003122828439653842 -0.0032688224129156195
1.7200000000000013 -0.0030221541125098807 -0.003177419911795414
1.7280000000000013 -0.0029104236964532207 -0.003079155788043914
1.7360000000000013 -0.002787983160120521 -0.0029870637480728032
1.7440000000000013 -0.0026542093178181583 -0.002890881468519282
1.7520000000000013 -0.0025101670644755254 -0.0027715623409881335
1.7600000000000013 -0.0023591487954317727 -0.002623512774885658
1.7680000000000013 -0.00212096558337351 -0.002461377407909176
1.7760000000000014 -0.002017523916956916 -0.002292059993863943
1.7840000000000014 -0.0019144584847089344 -0.0021132003443217113
1.7920000000000014 -0.001812346086596134 -0.0019552037163144604
1.8000000000000014 -0.0017164968870025954 -0.0018554662155987746
1.8080000000000014 -0.0016298932252315364 -0.0018003115953446358
1.8160000000000014 -0.0015469754850904384 -0.0017373022177097934
1.8240000000000014 -0.0014590102939555905 -0.0016332434306621031
1.8320000000000014 -0.001363339972995237 -0.0015066940203072997
1.8400000000000014 -0.0012656171651355443 -0.0014001416719627818
1.8480000000000014 -0.0011727936556348317 -0.0013288517903846237
1.8560000000000014 -0.0010915535783412693 -0.0012661997662485513
1.8640000000000014 -0.0010113360490870708 -0.0011791492950349914
1.8720000000000014 -0.0009274106318616852 -0.0010682260201752612
1.8800000000000014 -0.0008413402737190642 -0.0009639939522179017
1.8880000000000015 -0.0007590514297185036 -0.0008887132440662867
1.8960000000000015 -0.0006841563308394342 -0.000831434160990252
1.9040000000000015 -0.0006143841600174218 -0.0007637077390264656
1.9120000000000015 -0.0005448509634696987 -0.000674217831299625
1.9200000000000015 -0.00047403126596444467 -0.0005807223712397224
1.9280000000000015 -0.0004055729262576774 -0.0005073389699493281
1.9360000000000015 -0.0003442126551459169 -0.00045628531148355885
1.9440000000000015 -0.00029074032544799196 -0.0004073490706418458
1.9520000000000015 -0.00024168054603090666 -0.00034360395716259674
1.9600000000000015 -0.00019371719637383726 -0.00027140623284596004
1.9680000000000015 -0.0001475940640764562 -0.00021163336106632232
1.9760000000000015 -0.00010718163347420693 -0.00017434949813006998
1.9840000000000015 -7.509571143541672e-05 -0.0001477477274174812
1.9920000000000015 -4.999054836183508e-05 -0.00011355758478285836
2.0000000000000013 -2.8413160572519176e-05 -6.924468433611159e-05
2.0080000000000013 -1.0235368375748673e-05 -3.0394670000899237e-05
2.0160000000000013 2.1208919849563697e-06 -1.1653586251846617e-05
2.0240000000000014 7.001944451700192e-06 -9.975580589870936e-06
2.0320000000000014 3.9730421211251615e-06 -9.382539695618678e-06
2.0400000000000014 -0.00014091798881802524 -2.876672509838129e-07
2.0480000000000014 -0.00019395773528242221 -1.2128687538842956e-05
2.0560000000000014 -0.0002531269466731675 -9.438932248424344e-05
2.0640000000000014 -0.00031888224265444985 -0.00023003719709791836
2.0720000000000014 -0.00039018853616897367 -0.00033776020102698444
2.0800000000000014 -0.000462826427626394 -0.00037141248104315176
2.0880000000000014 -0.000531365502133932 -0.0003715131080377887
2.0960000000000014 -0.0005929198050033549 -0.00041592948669111395
2.1040000000000014 -0.0006482454311117352 -0.0005295137906756235
2.1120000000000014 -0.0006991275891614689 -0.0006558280597680234
2.1200000000000014 -0.0007453260061095589 -0.0007210396285098196
2.1280000000000014 -0.0007845104915712122 -0.0007157354603561046
2.1360000000000015 -0.0008148822451629543 -0.0007025867184023492
2.1440000000000015 -0.0008370966856757344 -0.0007436327207952667
2.1520000000000015 -0.000853234995532846 -0.0008309490652809392
2.1600000000000015 -0.0008643090561262332 -0.0008978239973983528
2.1680000000000015 -0.0008693237134995914 -0.000895075156075984
2.1760000000000015 -0.0008698555393452543 -0.0008451364407293942
2.1840000000000015 -0.0008639695821502107 -0.000815054960667974
2.1920000000000015 -0.0008536878599378774 -0.0008414010102170497
2.2000000000000015 -0.0008404228067695357 -0.0008914125314612242
2.2080000000000015 -0.0008236710467958634 -0.000902263588458331
2.2160000000000015 -0.0008021437150042548 -0.0008521059790283178
2.2240000000000015 -0.0007759312569514326 -0.0007826581074342222
2.2320000000000015 -0.0007469932583396071 -0.0007505502779826862
2.2400000000000015 -0.0007173480337463497 -0.0007645979635754685
2.2480000000000016 -0.0006871747870345133 -0.0007789847985934622
2.2560000000000016 -0.0006551430973955128 -0.0007470695995317789
2.2640000000000016 -0.0006205649765328867 -0.0006733228515212365
2.2720000000000016 -0.0005847713891753712 -0.0006061994513399677
2.2800000000000016 -0.0005500428751205105 -0.0005829440838617031
2.2880000000000016 -0.0005173493515532805 -0.0005897383929833796
2.2960000000000016 -0.0004855868646291492 -0.0005802117714124124
2.3040000000000016 -0.0005213801808784113 -0.0005286465730715034
2.3120000000000016 -0.0005366720856622383 -0.00046826795433089016
2.3200000000000016 -0.0005565364230843476 -0.00046405730358183353
2.3280000000000016 -0.000582592301071423 -0.000531540002142531
2.3360000000000016 -0.0006160120085549024 -0.0006122967010111525
2.3440000000000016 -0.000651898621653208 -0.0006417671813040031
2.3520000000000016 -0.0006825313606762769 -0.0006204887379649248
2.3600000000000017 -0.0007029897573138736 -0.000608386083684296
2.3680000000000017 -0.0007145088221219844 -0.000651588101574941
2.3760000000000017 -0.0007212384669010289 -0.000727641786326785
2.3840000000000017 -0.0007246444689116254 -0.0007711589648465006
2.3920000000000017 -0.0007220537354516849 -0.0007482923936558477
2.4000000000000017 -0.0007104411708940515 -0.0006937541272409726
2.4080000000000017 -0.000690456987417204 -0.0006693938068947737
2.4160000000000017 -0.0006659275265879336 -0.0006937284726746842
2.4240000000000017 -0.0006398147875889259 -0.0007230394983895065
2.4320000000000017 -0.000611650192376634 -0.0007034667892750141
2.4400000000000017 -0.0005855868213536306 -0.0006326699085305302
2.4480000000000017 -0.0005601352397426782 -0.0005622494394231946
2.4560000000000017 -0.0005353608435808119 -0.0005408151708836466
2.4640000000000017 -0.0005141460405372237 -0.0005617370252118306
2.4720000000000018 -0.0004961242252954981 -0.0005732476172646518
2.4800000000000018 -0.00047880087943767983 -0.0005381544891647175
2.4880000000000018 -0.00046121790731469406 -0.00047447696071677435
2.4960000000000018 -0.00044535359468447257 -0.000432656653563593
2.504000000000002 -0.00043383415416058113 -0.0004382071702813904
2.512000000000002 -0.0004268639135241194 -0.0004653106596780219
2.520000000000002 -0.00042199809655430875 -0.0004686085716866306
2.528000000000002 -0.0004168830862212432 -0.000434421381538555
2.536000000000002 -0.0004116850954924559 -0.00039365922847084357
2.544000000000002 -0.00040848191125492095 -0.0003846829158047196
2.552000000000002 -0.00040850762899799714 -0.00041033013341772173
2.560000000000002 -0.0004105257043165139 -0.00043684986082083855
2.568000000000002 -0.000412118865855015 -0.00043316887183195716
2.576000000000002 -0.0004928819386430544 -0.00040461485758625334
2.584000000000002 -0.0005373531387319866 -0.00039728731116769195
2.592000000000002 -0.0005861110737421153 -0.0004573414361132718
2.600000000000002 -0.0006395931754567797 -0.0005674156168939987
2.608000000000002 -0.0006979444916062462 -0.0006573831722895559
2.616000000000002 -0.0007578040922267396 -0.0006855171272777693
2.624000000000002 -0.0008120233037015494 -0.0006836081823942923
2.632000000000002 -0.0008550113205490273 -0.000717181291135665
2.640000000000002 -0.0008865938659498699 -0.0008077340260329116
2.648000000000002 -0.0009101774407458007 -0.0009060458917006818
2.656000000000002 -0.0009279940392102022 -0.0009465425823788263
2.664000000000002 -0.0009389555095954696 -0.0009202783846774302
2.672000000000002 -0.0009408955821643227 -0.0008837578449292005
2.680000000000002 -0.0009338283122922043 -0.0008945477091771736
2.688000000000002 -0.0009202865278606444 -0.0009473040641058206
2.696000000000002 -0.0009028201805030889 -0.0009818635614507617
2.704000000000002 -0.0008819664774982068 -0.0009525185254708142
2.712000000000002 -0.0008569183452823289 -0.0008793483757483697
2.720000000000002 -0.0008276587148820732 -0.0008247743288418362
2.728000000000002 -0.0007957800214881175 -0.000823732596389218
2.736000000000002 -0.0007631709464557528 -0.0008466974870518581
2.744000000000002 -0.0007304492955427456 -0.0008355378404195948
2.752000000000002 -0.0006970943185653459 -0.0007697521849750949
2.760000000000002 -0.0006629477001603332 -0.0006884380592120539
2.768000000000002 -0.000629095307143676 -0.000645356669045545
2.776000000000002 -0.0005970435188561421 -0.0006495527763731746
2.784000000000002 -0.0005673082671280301 -0.000657841067630978
2.792000000000002 -0.0005392220814126711 -0.0006252480672907178
2.800000000000002 -0.000512339088212055 -0.0005551295689324774
2.808000000000002 -0.0004875015252485569 -0.0004936694693686831
2.816000000000002 -0.0004658624493329049 -0.0004774494020109854
2.824000000000002 -0.00044812578799414927 -0.0004940560966671223
2.832000000000002 -0.00043367796438868516 -0.0004984027347322517
2.840000000000002 -0.0004214607668937649 -0.00046410793201465703
2.848000000000002 -0.00041131755708864043 -0.0004116997791854832
2.856000000000002 -0.0004042039303695968 -0.00038378106983334877
2.864000000000002 -0.0004010245088013826 -0.00039716720349821424
2.872000000000002 -0.00040148047495340696 -0.0004257829082325618
2.880000000000002 -0.0004042918101590351 -0.00043149118952149886
2.888000000000002 -0.00040853183205588443 -0.0004064665281385797
2.896000000000002 -0.00041452216184407467 -0.00037999729751440615
2.904000000000002 -0.00042326620653218875 -0.00038419762126249476
2.912000000000002 -0.00043509563168396526 -0.00041849791171660465
2.920000000000002 -0.00044909927372201847 -0.00045191941899131013
2.928000000000002 -0.0004639760072112614 -0.00045852774032749876
2.936000000000002 -0.00047931055536617963 -0.0004453442690515931
2.944000000000002 -0.0004958158590640045 -0.0004425697097119802
2.952000000000002 -0.0005142944572119829 -0.0004689919657354513
2.960000000000002 -0.0005345285779453227 -0.0005118932838551885
2.968000000000002 -0.0005553569896320015 -0.0005426112286779645
2.976000000000002 -0.0005758172106659473 -0.000548633400750667
2.984000000000002 -0.0005960348162123356 -0.0005461308075080597
2.992000000000002 -0.0006168706376217818 -0.0005603800324388189
3.000000000000002 -0.0006387640635461603 -0.0005974083328253002
3.0080000000000022 -0.0006610978790274019 -0.0006383997710006968
3.0160000000000022 -0.0006827777758229454 -0.0006616041835256638
3.0240000000000022 -0.0007033323932513462 -0.0006661270059098755
3.0320000000000022 -0.0007232854460313686 -0.0006714826855389853
3.0400000000000023 -0.0007434141784969608 -0.000694888344436252
3.0480000000000023 -0.0007637660913345342 -0.0007324815325406592
3.0560000000000023 -0.0007835400037638272 -0.0007647376043093571
3.0640000000000023 -0.0008019268862684484 -0.0007786616667255847
3.0720000000000023 -0.0008189327555803048 -0.0007814695863575627
3.0800000000000023 -0.000835270017755821 -0.0007913549572846158
3.0880000000000023 -0.0008514799348663227 -0.00081686914445214
3.0960000000000023 -0.0008672954445387175 -0.0008481442319793946
3.1040000000000023 -0.0008819399119080887 -0.0008687833822949959
3.1120000000000023 -0.0008949852767485137 -0.0008741217186419454
3.1200000000000023 -0.0009067911903765644 -0.0008755251152405987
3.1280000000000023 -0.0009180593316380632 -0.0008869370967436657
3.1360000000000023 -0.000929039721150764 -0.0009094953374334328
3.1440000000000023 -0.000939284175866738 -0.0009311190422779476
3.1520000000000024 -0.0009481909590169374 -0.0009405410393701206
3.1600000000000024 -0.0009556969228530749 -0.000939541374664425
3.1680000000000024 -0.0009623445750475345 -0.0009401644871936739
3.1760000000000024 -0.0009686828536530853 -0.0009509410455622093
3.1840000000000024 -0.0009746979723437039 -0.0009678549933459451
3.1920000000000024 -0.0009798999038258844 -0.0009795833269697484
3.2000000000000024 -0.0009839324605404906 -0.0009803510778761345
3.2080000000000024 -0.000987005073613989 -0.0009758902239055165
3.2160000000000024 -0.000989680401476992 -0.0009764725783537996
3.2240000000000024 -0.000992287546970149 -0.0009854699173673092
3.2320000000000024 -0.000994627416135051 -0.0009961983281314465
3.2400000000000024 -0.0009962769626056709 -0.0009999238662732977
3.2480000000000024 -0.0009971224108892031 -0.000995559817338583
3.2560000000000024 -0.0009975216466151088 -0.0009903849943229072
3.2640000000000025 -0.000997939020705789 -0.0009916103293155806
3.2720000000000025 -0.000998484612169487 -0.0009985937119251726
3.2800000000000025 -0.0009988690630574784 -0.001004129802328205
3.2880000000000025 -0.000998798047443703 -0.0010027909482614656
3.2960000000000025 -0.0009983465845492998 -0.0009967618851880178
3.3040000000000025 -0.0009979038359449522 -0.0009929929610658797
3.3120000000000025 -0.0009977751981903246 -0.0009953648894186896
3.3200000000000025 -0.0009978987161493524 -0.0010007298166648932
3.3280000000000025 -0.0009979791166509011 -0.0010028661674807374
3.3360000000000025 -0.0009978662766128349 -0.0009994995716875498
3.3440000000000025 -0.000997748290888774 -0.0009945437535216859
3.3520000000000025 -0.0009979596056421585 -0.0009934566305949423
3.3600000000000025 -0.000998638601559734 -0.0009972381554331274
3.3680000000000025 -0.0009996187031047605 -0.0010016885645750056
3.3760000000000026 -0.001000656990202352 -0.0010023665316208777
3.3840000000000026 -0.0010017285609325655 -0.0009994607970844243
3.3920000000000026 -0.0010030860307154825 -0.0009972872234692315
3.4000000000000026 -0.0010020980207018884 -0.000999338029382802
3.4080000000000026 -0.001001389270328238 -0.0010041176443548376
3.4160000000000026 -0.0010007554091034999 -0.0010064466901681859
3.4240000000000026 -0.0010000948467848922 -0.0010034527998939113
3.4320000000000026 -0.0009996357162169126 -0.0009980362002353568
3.4400000000000026 -0.0009997863625576826 -0.0009956002475309997
3.4480000000000026 -0.0010007579830886033 -0.000998206075170797
3.4560000000000026 -0.001002401422413962 -0.0010027205574791843
3.4640000000000026 -0.0010044263419658355 -0.0010046829935441198
3.4720000000000026 -0.0010067413865145413 -0.001003283473113447
3.4800000000000026 -0.0010095418682789224 -0.0010019887959562756
3.4880000000000027 -0.0010130726492074778 -0.001004476829055745
3.4960000000000027 -0.0010173500211010172 -0.0010106421633392269
3.5040000000000027 -0.001022147973939343 -0.0010169940231503204
3.5120000000000027 -0.001027244021957868 -0.0010206827321027454
3.5200000000000027 -0.0010326391481961339 -0.0010225210504187932
3.5280000000000027 -0.0010385166171480403 -0.0010258073739887537
3.5360000000000027 -0.0010450051707403196 -0.001032544974673604
3.5440000000000027 -0.0010520185137324416 -0.001041348662601781
3.5520000000000027 -0.0010593391088014592 -0.0010491771467344034
3.5600000000000027 -0.0010668367401333364 -0.0010547255121761928
3.5680000000000027 -0.0010745749696539951 -0.0010596796423718183
3.5760000000000027 -0.0010826991811714883 -0.0010666371342526546
3.5840000000000027 -0.0010912445853034588 -0.0010761983464811253
3.5920000000000027 -0.0011000784382608647 -0.0010864395899991325
3.6000000000000028 -0.0011090287853173738 -0.0010951583979511494
3.6080000000000028 -0.0011180460209473972 -0.0011022506687138763
3.6160000000000028 -0.0011272199195095794 -0.001109636731432779
3.6240000000000028 -0.001136644995582782 -0.0011190020121875797
3.632000000000003 -0.001146291836241535 -0.0011299632944822785
3.640000000000003 -0.0011560234211544244 -0.0011406133329294914
3.648000000000003 -0.0011657277107505234 -0.0011496746565834175
3.656000000000003 -0.0011754140518319277 -0.0011578099010409024
3.664000000000003 -0.0011851718296283004 -0.0011667343229320242
3.672000000000003 -0.001195046767860017 -0.0011772571496591955
3.680000000000003 -0.0012049752208329195 -0.0011884525223416265
3.688000000000003 -0.0012148432474302722 -0.0011987720140089542
3.696000000000003 -0.0012245969876753461 -0.0012077481814171732
3.704000000000003 -0.0012342808914746648 -0.0012164010151978224
3.712000000000003 -0.001243967894657157 -0.0012260054038670265
3.720000000000003 -0.0012536653936450434 -0.001236677115900631
3.728000000000003 -0.0012633006948791561 -0.0012473211132369051
3.736000000000003 -0.001272795649569092 -0.0012568952937934404
3.744000000000003 -0.0012821428474940018 -0.001265522942218733
3.752000000000003 -0.0012914007022935148 -0.0012742615981692137
3.760000000000003 -0.001300618865738598 -0.0012838798069413398
3.768000000000003 -0.0013097799843727071 -0.0012940401190401868
3.776000000000003 -0.0013188195904412507 -0.0013037415933795028
3.784000000000003 -0.0013276966240148174 -0.001312447953157295
3.792000000000003 -0.0013364343388863097 -0.0013206290506796727
3.800000000000003 -0.0013450894874415175 -0.001329174072431304
3.808000000000003 -0.0013536885185151425 -0.001338396413354452
3.816000000000003 -0.0013622023015377066 -0.0013477375469217643
3.824000000000003 -0.0013705837656385765 -0.0013564374355660247
3.832000000000003 -0.0013788228844342433 -0.0013643732228862248
3.840000000000003 -0.0013869581091157056 -0.0013721461638757772
3.848000000000003 -0.0013950351061378405 -0.001380379432757231
3.856000000000003 -0.0014030613867487716 -0.001389045900176279
3.864000000000003 -0.0014110061839429319 -0.0013975507198388283
3.872000000000003 -0.0014188422227780794 -0.001405422356436435
3.880000000000003 -0.0014265809440956226 -0.0014128185825079294
3.888000000000003 -0.0014342634975703654 -0.001420314014824741
3.896000000000003 -0.0014419205431366452 -0.0014282531700061261
3.904000000000003 -0.0014495466677719169 -0.001436401548222035
3.912000000000003 -0.0014571159393982896 -0.0014442496035045062
3.920000000000003 -0.0014646185974660918 -0.0014515914877277353
3.928000000000003 -0.0014720775279653167 -0.001458731789999901
3.936000000000003 -0.0014795281829824054 -0.0014661246747683916
3.944000000000003 -0.001486986399010385 -0.001473878509815427
3.952000000000003 -0.0014944398083594063 -0.001481671884739912
3.960000000000003 -0.0015018703063434272 -0.0014891407757160935
3.968000000000003 -0.0015092808746923838 -0.0014962825205177067
3.976000000000003 -0.0015166973789381695 -0.001503438363531569
3.984000000000003 -0.0015241452655550014 -0.0015109051980700912
3.992000000000003 -0.0015316282465845145 -0.0015186243655749242
4.000000000000003 -0.0015391318547948183 -0.00152627825695724
4.008000000000003 -0.0015466461129332444 -0.0015336594637374195
4.016000000000003 -0.0015541813244654996 -0.0015408926516874931
4.024000000000003 -0.0015617604120091058 -0.0015482802696297824
4.032000000000003 -0.0015693978603063736 -0.0015559672982133343
4.040000000000003 -0.0015770890484481477 -0.001563801247883166
4.048000000000003 -0.001584820712893498 -0.001571524100471964
4.056000000000003 -0.0015925896125019187 -0.0015790635878990555
4.064000000000003 -0.001600408580434394 -0.0015866012929189948
4.072000000000003 -0.0016082943752374246 -0.0015943607220314225
4.080000000000003 -0.001615777723016961 -0.0016023656364840709
4.088000000000003 -0.0016224994537501448 -0.0016103563874139237
4.096000000000003 -0.0016293421804695336 -0.0016178537085468564
4.104000000000003 -0.0016363232182715639 -0.0016245475799051108
4.112000000000003 -0.0016435233070171166 -0.001630797687235985
4.120000000000003 -0.0016510870379829001 -0.0016374416254508215
4.128000000000003 -0.0016591306625706001 -0.0016450044646337872
4.136000000000003 -0.0016676493087179694 -0.00165327433131912
4.144000000000003 -0.0016765390058036745 -0.0016616815284469344
4.152000000000003 -0.0016857069076090638 -0.0016699869506539866
4.160000000000003 -0.0016951478182775895 -0.0016785028882842987
4.168000000000003 -0.001704912221369874 -0.0016876696358073164
4.176000000000003 -0.001715014302266364 -0.0016975344640451442
4.184000000000003 -0.0017253869300942553 -0.0017077192001512386
4.192000000000003 -0.0017359280613085722 -0.0017178553789364188
4.200000000000003 -0.001746579596912119 -0.0017279539222591904
4.208000000000003 -0.0017573509565875019 -0.0017383112242959492
4.216000000000003 -0.001768268426745803 -0.001749111455166501
4.224000000000003 -0.0017793131453486878 -0.0017602014053394127
4.232000000000003 -0.0017904159306745965 -0.0017712673206014937
4.240000000000003 -0.0018015085227169993 -0.0017821706010873316
4.248000000000003 -0.0018125700784064245 -0.0017930506330399586
4.256000000000003 -0.0018236194959484827 -0.00180410703381887
4.264000000000003 -0.0018346678500551121 -0.0018153413161868736
4.272000000000003 -0.0018456866105805321 -0.0018265521605516338
4.280000000000003 -0.001856624198015384 -0.0018375617307292442
4.288000000000003 -0.0018674477367028714 -0.001848393132957075
4.296000000000003 -0.0018781622102263975 -0.0018592038287733746
4.304000000000003 -0.0018887888252632984 -0.001870075758681882
4.312000000000003 -0.001899330388754583 -0.0018809149275018189
4.320000000000003 -0.0019097624500802918 -0.0018915638771728061
4.328000000000003 -0.0019200568597599198 -0.001901978290407985
4.336000000000003 -0.0019302086315968613 -0.0019122598086428579
4.344000000000003 -0.0019402366209695153 -0.0019225203307849594
4.352000000000003 -0.0019501600825113205 -0.0019327481111870747
4.360000000000003 -0.0019599790250856538 -0.0019428293821080063
4.368000000000003 -0.0019696790863357096 -0.001952687964417743
4.376000000000003 -0.0019792528109833537 -0.0019623726095899063
4.384000000000003 -0.00198871234041516 -0.0019719949814853304
4.392000000000003 -0.0019980805847414343 -0.0019816004452044562
4.400000000000003 -0.0020073727054854846 -0.0019911255303858475
4.408000000000003 -0.0020165889436973648 -0.002000485478279497
4.416000000000003 -0.0020257251940383877 -0.002009682280475783
4.424000000000003 -0.0020347877475408167 -0.0020188068257413812
4.432000000000003 -0.0020437955940721952 -0.0020279386507231264
4.440000000000003 -0.0020527690358083054 -0.0020370647804480464
4.448000000000003 -0.002061718400062183 -0.002046110305754487
4.456000000000003 -0.002070645021588509 -0.002055039471983731
4.464000000000003 -0.0020795519658916564 -0.0020639069699258604
4.472000000000003 -0.002088451626887126 -0.0020728026062493085
4.480000000000003 -0.00209736215692287 -0.0020817580173319032
4.488000000000003 -0.0021062977669333858 -0.0020907243901602977
4.496000000000003 -0.0021152640913344326 -0.002099643472253392
4.504000000000003 -0.0021242630630047177 -0.002108526141545362
4.512000000000003 -0.002133300858947507 -0.0021174480758848198
4.520000000000003 -0.0021423898166692797 -0.0021264709914006683
4.528000000000003 -0.002151542820810215 -0.00213558260105408
4.536000000000003 -0.002160767092159261 -0.002144722981149673
4.544000000000003 -0.002170064233169434 -0.002153863587112299
4.552000000000003 -0.002179435780920364 -0.0021630466949355137
4.560000000000003 -0.002188887542492593 -0.002172342041296051
4.568000000000003 -0.002198428045461642 -0.0021817733443894277
4.576000000000003 -0.0022080634234889996 -0.0021912992901006365
4.584000000000003 -0.0022177947574141665 -0.002200868222357971
4.592000000000003 -0.0022276205597177726 -0.002210481543417743
4.600000000000003 -0.0022375411270408666 -0.002220193797788061
4.608000000000003 -0.0022475597553333303 -0.002230052033422978
4.616000000000003 -0.0022576798038088874 -0.0022400454181295227
4.624000000000003 -0.0022679013098836414 -0.0022501214408453085
4.632000000000003 -0.002278220992208012 -0.0022602476133737758
4.640000000000003 -0.0022886353332659762 -0.002270447356979904
4.648000000000003 -0.0022991430341827795 -0.0022807709240295192
4.656000000000003 -0.002309744194502304 -0.0022912368677614607
4.664000000000003 -0.002320437482338274 -0.00230181100918908
4.672000000000003 -0.002331218690994397 -0.002312444820812808
4.680000000000003 -0.002342082212855225 -0.0023231276416431127
4.688000000000003 -0.002353023552770925 -0.0023338937538550765
4.696000000000003 -0.0023640400064530685 -0.002344778513406836
4.704000000000003 -0.0023751289456868975 -0.002355774890705317
4.712000000000003 -0.002386285892059801 -0.0023668389257660463
4.720000000000003 -0.002397504612062189 -0.0023779357809941217
4.728000000000003 -0.0024087790009614685 -0.0023890732286424117
4.736000000000003 -0.0024201045244625664 -0.0024002859307997687
4.744000000000003 -0.002431477666207874 -0.002411590384165
4.752000000000003 -0.002442894203349851 -0.0024229620691075863
4.760000000000003 -0.0024543483912032385 -0.0024343591633163245
4.768000000000003 -0.0024658339492526138 -0.002445764265746612
4.776000000000003 -0.00247734563439998 -0.00245719698182258
4.784000000000003 -0.002488879610192594 -0.0024686848791312557
4.792000000000003 -0.0025004323109548802 -0.0024802271081000734
4.800000000000003 -0.0025119992232649187 -0.0024917913971622763
4.808000000000003 -0.0025235749998804334 -0.0025033461101868827
4.816000000000003 -0.0025351547133199803 -0.0025148901412034587
4.824000000000003 -0.002546734775795147 -0.0025264477039739753
4.832000000000003 -0.0025583125243245144 -0.0025380355911433622
4.840000000000003 -0.002569885043739436 -0.0025496405301768063
4.848000000000003 -0.0025814486246432023 -0.0025612311588160417
4.856000000000003 -0.0025929994450361437 -0.0025727896177399484
4.864000000000003 -0.0026045346408152944 -0.002584326871230599
4.872000000000003 -0.002616052538351362 -0.002595865708169777
4.8800000000000034 -0.0026275518408352683 -0.0026074118859317984
4.8880000000000035 -0.002639030752936455 -0.0026189458770373617
4.8960000000000035 -0.0026504870387088148 -0.0026304432321190966
4.9040000000000035 -0.0026619188944892735 -0.0026418995954625643
4.9120000000000035 -0.002673325603177004 -0.002653332562584757
4.9200000000000035 -0.0026847072391508898 -0.002664759575883841
4.9280000000000035 -0.0026959931508937452 -0.0026761774871035308
4.9360000000000035 -0.002704983297749185 -0.0026875548855393562
4.9440000000000035 -0.0027137471123027425 -0.0026984880950572626
4.9520000000000035 -0.002722288653670444 -0.002708116404993935
4.9600000000000035 -0.0027306515714356355 -0.0027161692552964112
4.9680000000000035 -0.0027389477346955217 -0.0027236143887829994
4.9760000000000035 -0.00274730813121052 -0.0027317358876465083
4.9840000000000035 -0.0027557930886801347 -0.0027408554726384877
4.9920000000000035 -0.0027643717085378485 -0.0027501465225245442
5.0000000000000036 -0.0027729915389818546 -0.0027586752427445982
5.008000000000004 -0.0027816587645432232 -0.0027664575771941123
5.016000000000004 -0.002790443691820247 -0.0027743951555625765
5.024000000000004 -0.00279941330674509 -0.0027832523359038767
5.032000000000004 -0.002808570527404469 -0.0027928579282806153
5.040000000000004 -0.0028178654756460886 -0.002802377660265484
5.048000000000004 -0.002827260844426441 -0.002811279048122977
5.056000000000004 -0.0028367766471113637 -0.002819891813058911
5.064000000000004 -0.0028464681368448003 -0.002828990451156924
5.072000000000004 -0.0028563665328105174 -0.0028389273675713256
5.080000000000004 -0.002866449685856692 -0.002849289072765559
5.088000000000004 -0.0028766718147148393 -0.0028594062105401392
5.096000000000004 -0.0028870152715829945 -0.002869099355547569
5.104000000000004 -0.002897506653523271 -0.0028788359801932267
5.112000000000004 -0.0029081828953160314 -0.00288917483136525
5.120000000000004 -0.0029190481751617758 -0.0029001538683427796
5.128000000000004 -0.0029300689874935245 -0.0029112878652446557
5.136000000000004 -0.0029412095927040804 -0.0029221310111480878
5.144000000000004 -0.0029524662589850343 -0.0029327525783401833
5.152000000000004 -0.002963863446129018 -0.0029436182207596964
5.160000000000004 -0.002975419238972387 -0.002955051212711111
5.168000000000004 -0.0029871199837750314 -0.0029668885146379694
5.176000000000004 -0.0029989308809857 -0.0029786884915176245
5.184000000000004 -0.003010828238937879 -0.002990223328906188
5.192000000000004 -0.0030228168207228016 -0.003001702055601334
5.200000000000004 -0.00303491477856688 -0.0030135039023540706
5.208000000000004 -0.003047125129010643 -0.003025747878613983
5.216000000000004 -0.0030594257631823846 -0.003038176396857811
5.224000000000004 -0.0030717873847402903 -0.003050454677112457
5.232000000000004 -0.0030841978082700784 -0.00306253054071574
5.240000000000004 -0.00309666587541651 -0.0030746612116201153
5.248000000000004 -0.003109202403402349 -0.003087103728245467
5.256000000000004 -0.0031218006248140166 -0.003099829303102813
5.264000000000004 -0.003134437358192338 -0.0031125684804612663
5.272000000000004 -0.003147092056257742 -0.00312511302798853
5.280000000000004 -0.0031597617636683114 -0.0031375287864506014
5.288000000000004 -0.0031724561546636783 -0.0031500563593965985
5.296000000000004 -0.0031851795947806156 -0.003162830831229551
5.304000000000004 -0.0031979206563831387 -0.0031757371709947614
5.312000000000004 -0.0032106598638957143 -0.0031885471855062145
5.320000000000004 -0.00322338589504646 -0.003201168587657507
5.328000000000004 -0.003236102080768405 -0.003213728580406675
5.336000000000004 -0.0032488169404575793 -0.003226414318976247
5.344000000000004 -0.0032615302268711502 -0.0032392611567423238
5.352000000000004 -0.0032742299139008656 -0.0032521214019129528
5.360000000000004 -0.0032869025356798394 -0.00326483356443533
5.368000000000004 -0.0032995446707587066 -0.0032773939891054898
5.376000000000004 -0.0033121630726460215 -0.0032899453067286523
5.384000000000004 -0.003324764180192125 -0.0033026081447424843
5.392000000000004 -0.0033373451538496637 -0.003315349815429615
5.400000000000004 -0.0033498959917423006 -0.0033280289892820784
5.408000000000004 -0.0033624095706020563 -0.003340554684552363
5.416000000000004 -0.003374888141838283 -0.0033529791298163385
5.424000000000004 -0.0033873395295220096 -0.003365429222234177
5.432000000000004 -0.0033997679194482213 -0.003377962888331226
5.440000000000004 -0.0034121695879048516 -0.003390511194894275
5.448000000000004 -0.003424537781278436 -0.003402962198772853
5.456000000000004 -0.003436870750863403 -0.003415285172747117
5.464000000000004 -0.003449174006093797 -0.003427557940905874
5.472000000000004 -0.0034614547844639045 -0.0034398751420983116
5.480000000000004 -0.003473715293329994 -0.003452245536591316
5.488000000000004 -0.0034859520949046268 -0.003464590094565719
5.496000000000004 -0.003498161801866861 -0.0034768352641474706
5.504000000000004 -0.0035103464264481603 -0.0034889934335195173
5.512000000000004 -0.0035225126175335024 -0.00350114462407045
5.520000000000004 -0.003534666065722177 -0.003513346655790871
5.528000000000004 -0.003546807472625365 -0.0035255762254051025
5.536000000000004 -0.003558934295593884 -0.003537762187959277
5.544000000000004 -0.003571045918567882 -0.0035498680944201742
5.552000000000004 -0.0035831463849093598 -0.003561931080094581
5.560000000000004 -0.0035952419159356896 -0.0035740183758923858
5.568000000000004 -0.0036073362834593463 -0.003586154629877043
5.576000000000004 -0.003619429183432852 -0.003598300742140912
5.584000000000004 -0.0036315191194957503 -0.0036104031754655825
5.592000000000004 -0.0036436073208080903 -0.003622455140092087
5.600000000000004 -0.003655698372695012 -0.003634502643476858
5.608000000000004 -0.0036677971232252186 -0.0036465930103241674
5.616000000000004 -0.003679905483766038 -0.00365872581017005
5.624000000000004 -0.003692022576443446 -0.003670859017246344
5.632000000000004 -0.0037041478016623976 -0.00368295958353264
5.640000000000004 -0.003716283280371328 -0.0036950404383550776
5.648000000000004 -0.003728433076130871 -0.0037071449513522833
5.656000000000004 -0.003740600280363703 -0.0037192995826810242
5.664000000000004 -0.003752785268325893 -0.003731488259468212
5.672000000000004 -0.0037649869145699203 -0.0037436745283507397
5.680000000000004 -0.0037772052239158447 -0.0037558439639169823
5.688000000000004 -0.003789442425518024 -0.0037680194915990983
5.696000000000004 -0.00380170146567832 -0.0037802350942838666
5.704000000000004 -0.003813983726716499 -0.0037924994238401665
5.712000000000004 -0.0038262884948605047 -0.003804789388074935
5.720000000000004 -0.0038386146178829685 -0.0038170784012159353
5.728000000000004 -0.0038509623952180916 -0.003829366184324826
5.736000000000004 -0.0038633336433099756 -0.003841677801695842
5.744000000000004 -0.0038757300082255457 -0.003854035271608942
5.752000000000004 -0.003888151485385149 -0.0038664344735610387
5.760000000000004 -0.0039005967327100056 -0.0038788519115360576
5.768000000000004 -0.0039130647053568675 -0.0038912718041820954
5.776000000000004 -0.003925555749407147 -0.003903702720535826
5.784000000000004 -0.003938071019171451 -0.003916166568232856
5.792000000000004 -0.003950610980526971 -0.003928673893638422
5.800000000000004 -0.00396317469181321 -0.003941213204928463
5.808000000000004 -0.00397576058491139 -0.003953764817525035
5.816000000000004 -0.003988367793787034 -0.0039663224452322066
5.824000000000004 -0.004000996559267809 -0.003978898637603248
5.832000000000004 -0.004013647348896614 -0.003991509392516181
5.840000000000004 -0.00402631974617565 -0.00400415612067239
5.848000000000004 -0.004039012332314877 -0.004016824651898469
5.856000000000004 -0.004051723618434002 -0.004029501099919005
5.864000000000004 -0.004064452947034941 -0.004042186200337608
5.872000000000004 -0.004077200396895642 -0.004054892747893291
5.880000000000004 -0.004089965875256975 -0.004067630158329295
5.888000000000004 -0.004102748444993379 -0.004080393794150709
5.896000000000004 -0.004115546600927569 -0.004093170241460029
5.904000000000004 -0.004128359129892114 -0.004105951662709028
5.912000000000004 -0.0041411855860545065 -0.0041187430514791025
5.920000000000004 -0.004154025901793001 -0.004131555079183954
5.928000000000004 -0.004166879624261499 -0.004144391331093718
5.936000000000004 -0.004179745634801249 -0.004157244142093102
5.944000000000004 -0.004192622621697833 -0.004170102902127804
5.952000000000004 -0.004203126738419207 -0.004182964942088075
5.960000000000004 -0.004212499106757988 -0.0041954557705598545
5.968000000000004 -0.004221975611494898 -0.004206530856458554
5.976000000000004 -0.004231590522929739 -0.004215559946111984
5.984000000000004 -0.004241462137182763 -0.004223564845150393
5.992000000000004 -0.0042517694749512995 -0.0042324952226340485
6.000000000000004 -0.0042626264117258915 -0.004243317751377307
6.0080000000000044 -0.004273999812391236 -0.004255199365755967
6.0160000000000045 -0.004285772586651166 -0.004266637383130303
6.0240000000000045 -0.004297880073371339 -0.004277183567865359
6.0320000000000045 -0.004310370963534271 -0.004287861376888432
6.0400000000000045 -0.004323335633070614 -0.004299939797595538
6.0480000000000045 -0.004336791590529428 -0.004313532571937381
6.0560000000000045 -0.004350654139880016 -0.004327559121241898
6.0640000000000045 -0.004364817485711762 -0.00434100027191202
6.0720000000000045 -0.004379249969935311 -0.004353982113743228
6.0800000000000045 -0.004393999697693849 -0.00436752664816244
6.0880000000000045 -0.004409112109912815 -0.0043823485679958685
6.0960000000000045 -0.0044245560430861185 -0.004398081672995313
6.1040000000000045 -0.0044402376948274695 -0.004413739884641326
6.1120000000000045 -0.0044560803932265185 -0.004428812573731435
6.1200000000000045 -0.004472078778775041 -0.004443754008002623
6.1280000000000046 -0.00448827117230242 -0.004459384848383282
6.136000000000005 -0.004504666934308628 -0.004475943804552356
6.144000000000005 -0.004521211223610116 -0.004492847762392294
6.152000000000005 -0.004537822349106532 -0.004509363855531106
6.160000000000005 -0.004554455536522536 -0.004525390087444593
6.168000000000005 -0.004571122164752241 -0.004541487960920252
6.176000000000005 -0.004587847488100281 -0.004558192110668117
6.184000000000005 -0.00460461774991986 -0.004575405404878663
6.192000000000005 -0.004621374867750907 -0.004592530099070501
6.200000000000005 -0.0046380606378622425 -0.0046091334935481985
6.208000000000005 -0.004654658681776616 -0.004625381802645524
6.216000000000005 -0.004671189033625891 -0.004641789307571171
6.224000000000005 -0.004687665177051331 -0.004658610457224904
6.232000000000005 -0.004704063144458436 -0.004675564528484898
6.240000000000005 -0.004720335169216234 -0.004692165721102182
6.248000000000005 -0.004736449508885029 -0.004708251389930199
6.256000000000005 -0.00475241122983463 -0.004724118117333883
6.264000000000005 -0.004768243025700275 -0.004740148910611728
6.272000000000005 -0.004783950091324009 -0.004756377645755096
6.280000000000005 -0.0047995083637380346 -0.004772469651102066
6.288000000000005 -0.00481488693911753 -0.004788106476792421
6.296000000000005 -0.004830077590500962 -0.004803324010408428
6.304000000000005 -0.004845098814956331 -0.004818439617593468
6.312000000000005 -0.004859972051478823 -0.004833680157109607
6.320000000000005 -0.004874698028133212 -0.004848939473543083
6.328000000000005 -0.004889258786024611 -0.004863919117155402
6.336000000000005 -0.004903641048088968 -0.004878468730729065
6.344000000000005 -0.0049178538285165295 -0.004892739593828731
6.352000000000005 -0.004931921600602009 -0.0049069987561156225
6.360000000000005 -0.0049458623185980564 -0.004921332885181544
6.368000000000005 -0.0049596752437828465 -0.004935573068222223
6.376000000000005 -0.004973350892553426 -0.004949505058384012
6.384000000000005 -0.00498689046466434 -0.004963113370545566
6.392000000000005 -0.005000312852574394 -0.004976590463488965
6.400000000000005 -0.005013642546068778 -0.004990119315412372
6.408000000000005 -0.005026892983984699 -0.005003684054681734
6.416000000000005 -0.005040063672932219 -0.0050171128276353385
6.424000000000005 -0.005053153007436918 -0.005030287943273556
6.432000000000005 -0.005066171555453595 -0.005043280990749967
6.440000000000005 -0.005079141287923093 -0.005056271313014543
6.448000000000005 -0.005092082627834155 -0.005069353535180833
6.456000000000005 -0.005105004250190147 -0.005082452669613686
6.464000000000005 -0.005117906394759645 -0.005095431002877683
6.472000000000005 -0.005130792950524979 -0.005108255177541558
6.480000000000005 -0.005143678441810428 -0.005121036369737633
6.488000000000005 -0.0051565826804715435 -0.0051339094380795924
6.496000000000005 -0.005169519800458202 -0.005146895346043606
6.504000000000005 -0.005182493952952239 -0.005159898309079682
6.512000000000005 -0.00519550574762821 -0.005172830351570699
6.520000000000005 -0.005208561552801646 -0.0051857173730813
6.528000000000005 -0.005221675296545187 -0.005198672217264262
6.536000000000005 -0.005234861368861002 -0.00521177431022349
6.544000000000005 -0.005248126992132989 -0.005224994501890245
6.552000000000005 -0.005261472346524553 -0.00523824376405424
6.560000000000005 -0.005274897674766567 -0.0052514830315279456
6.568000000000005 -0.005288409085800024 -0.005264769410152057
6.576000000000005 -0.0053020168468680354 -0.005278193034096675
6.584000000000005 -0.0053157285975150275 -0.005291781905771751
6.592000000000005 -0.00532954524086652 -0.005305481218769233
6.600000000000005 -0.005343463755665461 -0.0053192241432869145
6.608000000000005 -0.005357483332918886 -0.005333009710526728
6.616000000000005 -0.005371607920680925 -0.00534690202146179
6.624000000000005 -0.005385842706705189 -0.005360957561640041
6.632000000000005 -0.005400188845716323 -0.005375165595738128
6.640000000000005 -0.0054146423081785295 -0.005389465938533886
6.648000000000005 -0.005429197795452593 -0.00540381887261568
6.656000000000005 -0.0054438530957810856 -0.005418246757582747
6.664000000000005 -0.005458609142954441 -0.005432803872445142
6.672000000000005 -0.0054734660790880345 -0.0054475128865619
6.680000000000005 -0.005488419939982029 -0.005462340079929224
6.688000000000005 -0.005503463545809851 -0.005477233639603762
6.696000000000005 -0.005518590334913984 -0.00549217842858891
6.704000000000005 -0.005533796783029715 -0.005507205994931044
6.712000000000005 -0.0055490809287443215 -0.005522352163402685
6.720000000000005 -0.005564438949878375 -0.00553761260003686
6.728000000000005 -0.005579863701422844 -0.0055529452847915325
6.736000000000005 -0.005595346690302597 -0.005568313802633406
6.744000000000005 -0.005610881114069476 -0.005583721018344947
6.752000000000005 -0.00562646262010066 -0.005599196909297652
6.760000000000005 -0.005642087178974566 -0.00561475726690578
6.768000000000005 -0.005657748648325833 -0.005630380754023735
6.776000000000005 -0.00567343873884327 -0.005646028236773911
6.784000000000005 -0.005689149272012101 -0.005661680168836709
6.792000000000005 -0.00570487413624671 -0.005677349708862834
6.800000000000005 -0.0057206088762561174 -0.005693058926247805
6.808000000000005 -0.005736348582264424 -0.005708806904754796
6.816000000000005 -0.005752086540818721 -0.005724565414347908
6.824000000000005 -0.005767815088716239 -0.005740304999644704
6.832000000000005 -0.005783527602882836 -0.005756020694926797
6.840000000000005 -0.005799219404687771 -0.0057717291470959
6.848000000000005 -0.00581488670757283 -0.00578744234270441
6.856000000000005 -0.005830524930202313 -0.005803148501638769
6.864000000000005 -0.005846128283364251 -0.0058188206885718815
6.872000000000005 -0.005861691004047576 -0.005834441772505271
6.880000000000005 -0.00587720878732734 -0.005850017160703913
6.888000000000005 -0.005892678860844742 -0.0058655621540286825
6.896000000000005 -0.00590809874099022 -0.005881079604357176
6.904000000000005 -0.005923465139124003 -0.005896553154542017
6.912000000000005 -0.005938774207936812 -0.005911962458785652
6.920000000000005 -0.005954022765955098 -0.005927302141341048
6.928000000000005 -0.005969209099062238 -0.005942583368488724
6.936000000000005 -0.005984332503374799 -0.005957817482835123
6.944000000000005 -0.005999392165807712 -0.0059730009429529605
6.952000000000005 -0.0060143866521013105 -0.005988118080492044
6.960000000000005 -0.006029314511650943 -0.006003157449400603
6.968000000000005 -0.006044175251503017 -0.006018122843230262
6.976000000000005 -0.006058969584818266 -0.006033027186627751
6.984000000000005 -0.006073698730791246 -0.006047877161495856
6.992000000000005 -0.006088363591482442 -0.006062666121967096
7.000000000000005 -0.006102964700784238 -0.006077382559655765
7.008000000000005 -0.006117502930078991 -0.006092023758287614
7.016000000000005 -0.006131980110309137 -0.00610659922835016
7.024000000000005 -0.006146398883498187 -0.0061211207826110765
7.032000000000005 -0.006160761987195585 -0.006135591049106285
7.040000000000005 -0.0061750717769958 -0.006150003179469663
7.048000000000005 -0.006189330471031153 -0.0061643513395269285
7.056000000000005 -0.006203540775970405 -0.006178639699291961
7.064000000000005 -0.006217706162864557 -0.006192880077910592
7.072000000000005 -0.00623183049730754 -0.006207081542204783
7.080000000000005 -0.006245917454180672 -0.006221243926738056
7.088000000000005 -0.006259970349554904 -0.006235362159544283
7.096000000000005 -0.006273992519724057 -0.0062494359186401685
7.104000000000005 -0.006287987770527015 -0.00626347360363851
7.112000000000005 -0.0063019603789646415 -0.00627748656939479
7.120000000000005 -0.00631591465620747 -0.006291480569837401
7.128000000000005 -0.006329854559263791 -0.006305454008792358
7.1360000000000054 -0.006343783749516292 -0.006319404486929705
7.1440000000000055 -0.0063577059793767455 -0.006333335883479285
7.1520000000000055 -0.006371625339359535 -0.0063472580976509175
7.1600000000000055 -0.0063855460853722784 -0.006361180161193091
7.1680000000000055 -0.0063994722456843425 -0.006375104709774555
7.1760000000000055 -0.006413407433661879 -0.006389029815723066
7.1840000000000055 -0.006427355037019618 -0.006402955693364804
7.1920000000000055 -0.0064413185313630435 -0.006416888558666759
7.2000000000000055 -0.006455301549450638 -0.006430837532391402
7.2080000000000055 -0.00646930763240951 -0.006444808405238209
7.2160000000000055 -0.006483339943120833 -0.0064588013214427736
7.2240000000000055 -0.006497401243900198 -0.006472814690671353
7.2320000000000055 -0.006511494130824178 -0.0064868506238583735
7.2400000000000055 -0.006525621238223899 -0.006500915785308907
7.2480000000000055 -0.0065398765755393775 -0.006515016976974481
7.256000000000006 -0.006552967862581708 -0.006529171252712744
7.264000000000006 -0.006565985621521767 -0.0065432178682910585
7.272000000000006 -0.0065789326543276285 -0.006556707276177454
7.280000000000006 -0.006591821766791348 -0.0065694257100405015
7.288000000000006 -0.006604688370755456 -0.006581806083128965
7.296000000000006 -0.00661757778663229 -0.006594515089009119
7.304000000000006 -0.00663051569280422 -0.006607769775407168
7.312000000000006 -0.006643497849646357 -0.006621165370172604
7.320000000000006 -0.00665651016969069 -0.006634178729389054
7.328000000000006 -0.0066695560568493335 -0.006646761845039038
7.336000000000006 -0.0066826614763877 -0.006659377266265791
7.344000000000006 -0.006695854216747123 -0.006672474158688633
7.352000000000006 -0.006709141805114285 -0.006686010985885718
7.360000000000006 -0.006722512150869895 -0.006699540953370437
7.368000000000006 -0.006735954657870874 -0.0067127315788757585
7.376000000000006 -0.006749477562100689 -0.006725726079222273
7.384000000000006 -0.006763103055365486 -0.006738963923230657
7.392000000000006 -0.006776847087671045 -0.0067526900827021815
7.400000000000006 -0.006790706811501628 -0.006766706280563668
7.408000000000006 -0.006804668709517264 -0.006780619346000351
7.416000000000006 -0.006818727113440167 -0.00679428521284793
7.424000000000006 -0.0068328922911156595 -0.006807953462986566
7.432000000000006 -0.006847180058650659 -0.0068219741264657985
7.440000000000006 -0.006861595480570279 -0.00683641307656467
7.448000000000006 -0.006876128764547466 -0.006850999938500511
7.456000000000006 -0.006890766970494363 -0.006865444276295798
7.464000000000006 -0.0069055077383323015 -0.0068797531822893465
7.472000000000006 -0.006920359997147068 -0.0068942048750390734
7.480000000000006 -0.006935331791442004 -0.006909028541035361
7.488000000000006 -0.006950419353043746 -0.006924156894240374
7.496000000000006 -0.006965609241534049 -0.006939315969768604
7.504000000000006 -0.0069808903771594825 -0.00695433351557083
7.512000000000006 -0.006996262248659608 -0.0069693170916556675
7.520000000000006 -0.007011730652127035 -0.00698451638379522
7.528000000000006 -0.007027296450834244 -0.00700003910075765
7.536000000000006 -0.007042950075048401 -0.007015738459622036
7.544000000000006 -0.007058677402619 -0.0070313839494492245
7.552000000000006 -0.007074469913512365 -0.007046912169464987
7.560000000000006 -0.0070903278264618 -0.007062480114498824
7.568000000000006 -0.007106253293868964 -0.007078275271621286
7.576000000000006 -0.0071222417346357815 -0.007094304081971582
7.584000000000006 -0.007138280887835698 -0.007110390095996739
7.592000000000006 -0.007154358154529404 -0.007126370867478047
7.600000000000006 -0.007170467743956287 -0.007142267282818691
7.608000000000006 -0.007186609897114192 -0.007158243005871725
7.616000000000006 -0.007202783570877342 -0.007174411147515341
7.624000000000006 -0.007218980987671806 -0.007190707791646359
7.632000000000006 -0.007235189889602087 -0.0072069657451822875
7.640000000000006 -0.007251400585928482 -0.007223095997597958
7.648000000000006 -0.007267609856182351 -0.007239173026392024
7.656000000000006 -0.007283817693489431 -0.007255337201848025
7.664000000000006 -0.007300020909308304 -0.007271631701252402
7.672000000000006 -0.00731621077491453 -0.007287955266115614
7.680000000000006 -0.007332377030383215 -0.0073041750216373165
7.688000000000006 -0.007348513522773882 -0.007320266875247408
7.696000000000006 -0.0073646192644335326 -0.007336329215554445
7.704000000000006 -0.007380694071214663 -0.007352462863696359
7.712000000000006 -0.007396733880636371 -0.007368656030755333
7.720000000000006 -0.007412730871975737 -0.0073847990315092866
7.728000000000006 -0.0074286779669468644 -0.007400804777927494
7.736000000000006 -0.007444572556505858 -0.00741669758110262
7.744000000000006 -0.007460415465693123 -0.0074325757075308285
7.752000000000006 -0.007476206592062523 -0.0074484961770592715
7.760000000000006 -0.00749194217273087 -0.007464411817928962
7.768000000000006 -0.0075076165495725445 -0.007480225787851011
7.776000000000006 -0.007523226233204532 -0.007495897077542261
7.784000000000006 -0.007538771708515327 -0.007511479187275224
7.792000000000006 -0.007554255165230439 -0.007527054048416415
7.800000000000006 -0.007569676875712907 -0.00754263945626112
7.808000000000006 -0.007585034236069202 -0.007558172261364913
7.816000000000006 -0.0076003243376462715 -0.007573580936085049
7.824000000000006 -0.00761554704620988 -0.007588863145371238
7.832000000000006 -0.007630705206106266 -0.007604083688200346
7.840000000000006 -0.007645801922391087 -0.007619299925227995
7.848000000000006 -0.007660838048186115 -0.007634500194946033
7.856000000000006 -0.007675812581208494 -0.0076496213593620355
7.864000000000006 -0.007690725341520897 -0.00766462154874133
7.872000000000006 -0.0077055788647306216 -0.007679525634349269
7.880000000000006 -0.007720377491124648 -0.007694395652010268
7.888000000000006 -0.007735124803510467 -0.007709262906665727
7.896000000000006 -0.0077498222852605235 -0.007724097897696745
7.904000000000006 -0.007764470561634394 -0.007738848434402159
7.912000000000006 -0.007779071695152451 -0.007753500323447896
7.920000000000006 -0.007793629958168484 -0.007768093256270237
7.928000000000006 -0.007808150322839189 -0.007782677340452789
7.936000000000006 -0.007822636435279523 -0.007797261136374593
7.944000000000006 -0.007837090288210861 -0.007811808193930113
7.952000000000006 -0.007851513821076756 -0.007826282881454654
7.960000000000006 -0.007865910568892234 -0.007840692660068526
7.968000000000006 -0.007880285547519917 -0.007855081038820672
7.976000000000006 -0.007894643593378941 -0.007869481852002851
7.984000000000006 -0.007908988040454683 -0.007883886904517535
7.992000000000006 -0.007923321131954129 -0.007898261332624147
8.000000000000005 -0.007937645591767729 -0.007912587061595693
8.008000000000004 -0.00795196555805743 -0.007926885384966534
8.016000000000004 -0.007966285888350204 -0.00794119536426803
8.024000000000003 -0.007980610677485168 -0.007955534198142778
8.032000000000002 -0.007994942632087262 -0.00796988372873445
8.040000000000001 -0.008009283911612868 -0.007984216157004089
8.048 -0.008023637415148643 -0.00799852861481648
8.056 -0.008038007074115052 -0.00801284845048734
8.063999999999998 -0.008052396882470407 -0.00802720523843171
8.071999999999997 -0.008066809785170461 -0.008041601947811757
8.079999999999997 -0.008081247629808521 -0.008056016658540341
8.087999999999996 -0.008095712156405937 -0.008070431100411977
8.095999999999995 -0.008110205874994683 -0.008084853350569734
8.103999999999994 -0.008124731875799127 -0.008099310350419999
8.111999999999993 -0.008139292837404846 -0.00811382019110145
8.119999999999992 -0.008153890353866102 -0.008128375516522996
8.127999999999991 -0.008168525285784071 -0.00814295541377951
8.13599999999999 -0.008183198684634897 -0.008157551137215375
8.14399999999999 -0.00819791224604516 -0.00817217685366699
8.151999999999989 -0.008212667825893109 -0.008186854621257098
8.159999999999988 -0.008227466601472016 -0.008201591483673741
8.167999999999987 -0.00824230881006048 -0.008216374060398358
8.175999999999986 -0.008257194312511392 -0.008231185461587019
8.183999999999985 -0.008272123318479808 -0.008246024790031746
8.191999999999984 -0.008287096476638061 -0.008260907866675205
8.199999999999983 -0.008302114273798723 -0.008275849519314616
8.207999999999982 -0.008317176442100381 -0.00829084780401288
8.215999999999982 -0.00833228202183424 -0.008305887204925018
8.22399999999998 -0.008347429975476937 -0.008320956197506264
8.23199999999998 -0.008362619656823273 -0.008336059217711474
8.239999999999979 -0.00837785064060301 -0.008351210360670247
8.247999999999978 -0.008393122144330146 -0.008366416762037514
8.255999999999977 -0.008408432703379634 -0.008381670359585393
8.263999999999976 -0.008423780444619321 -0.008396956499870753
8.271999999999975 -0.008439163632562951 -0.008412269029310249
8.279999999999974 -0.008454580886642587 -0.008427615077550878
8.287999999999974 -0.0084700308633478 -0.008443004955945948
8.295999999999973 -0.008485511791681128 -0.0084584390560391
8.303999999999972 -0.008501021385999395 -0.00847390618570484
8.311999999999971 -0.008516557218032815 -0.008489394479342473
8.31999999999997 -0.008532117126056733 -0.008504902275917655
8.32799999999997 -0.008547699225188181 -0.008520437146423952
8.335999999999968 -0.008563301543371602 -0.008536004846201857
8.343999999999967 -0.008578921712955382 -0.008551600819394574
8.351999999999967 -0.00859455706081144 -0.008567213354390068
8.359999999999966 -0.008610204985646474 -0.008582834275314201
8.367999999999965 -0.00862586320590795 -0.008598465103601075
8.375999999999964 -0.008641529627975002 -0.008614112269032633
8.383999999999963 -0.00865720201231314 -0.00862977724180401
8.391999999999962 -0.008672877823691538 -0.008645452631693864
8.399999999999961 -0.008688554427487814 -0.008661128153206755
8.40799999999996 -0.008704229407775753 -0.008676799392939796
8.41599999999996 -0.008719900664066508 -0.008692469687238434
8.423999999999959 -0.008735566204986202 -0.008708143487404299
8.431999999999958 -0.008751223891185442 -0.008723818944441884
8.439999999999957 -0.008766871419055763 -0.008739487834843206
8.447999999999956 -0.008782506556752676 -0.008755142481923793
8.455999999999955 -0.008798127368659672 -0.00877078173841412
8.463999999999954 -0.00881373219278651 -0.008786409587163275
8.471999999999953 -0.008829319418074518 -0.008802028327529236
8.479999999999952 -0.008844887322671855 -0.0088176340871167
8.487999999999952 -0.008860434151405224 -0.00883321941029328
8.49599999999995 -0.008875958339245142 -0.0088487796955648
8.50399999999995 -0.008891458634027315 -0.008864316257938886
8.511999999999949 -0.00890693399579712 -0.008879832890361202
8.519999999999948 -0.008922383399850922 -0.008895330053904431
8.527999999999947 -0.008937805766857975 -0.008910803160972036
8.535999999999946 -0.008953200091068952 -0.008926246581011947
8.543999999999945 -0.008968565617371863 -0.00894165867671571
8.551999999999945 -0.008983901873436177 -0.00895704233426799
8.559999999999944 -0.008999208531971989 -0.008972400678882888
8.567999999999943 -0.009014485263725792 -0.008987732921817225
8.575999999999942 -0.009029731741543217 -0.009003034849684784
8.583999999999941 -0.009044947781254083 -0.009018303150505629
8.59199999999994 -0.00906013345676125 -0.009033538644280789
8.59999999999994 -0.00907528906414829 -0.009048744967615915
8.607999999999938 -0.009090414980873566 -0.009063924409727961
8.615999999999937 -0.009105511576824814 -0.009079075595460121
8.623999999999937 -0.009120579267637482 -0.00909419542482965
8.631999999999936 -0.009135618640029448 -0.009109282906011484
8.639999999999935 -0.009150630504502233 -0.009124340597444287
8.647999999999934 -0.00916561581809653 -0.009139372227077164
8.655999999999933 -0.00918057556423878 -0.009154379299177777
8.663999999999932 -0.009195510717707018 -0.009169360434972865
8.671999999999931 -0.009210422322094604 -0.009184313998966444
8.67999999999993 -0.009225311582858695 -0.009199240955663565
8.68799999999993 -0.009240179867738292 -0.00921414482976359
8.695999999999929 -0.009255028613322763 -0.009229028977096113
8.703999999999928 -0.009269859238415475 -0.009243894286725798
8.711999999999927 -0.009284673151154579 -0.009258739782395475
8.719999999999926 -0.009299471829482136 -0.009273565292435927
8.727999999999925 -0.009314256875896309 -0.009288373155479361
8.735999999999924 -0.00932902998130199 -0.009303167155718774
8.743999999999923 -0.009343792835441272 -0.009317950001073924
8.751999999999923 -0.00935854707714505 -0.009332722165848234
8.759999999999922 -0.009373294328692364 -0.009347483269848404
8.76799999999992 -0.009388036264432163 -0.009362234337863654
8.77599999999992 -0.00940277462964474 -0.009376978422438788
8.783999999999919 -0.00941751118483738 -0.009391719000633215
8.791999999999918 -0.009432247633339406 -0.00940645801170622
8.799999999999917 -0.009446985604813819 -0.009421195684349059
8.807999999999916 -0.009461726702282083 -0.009435932229780671
8.815999999999915 -0.009476472550885408 -0.009450669442700852
8.823999999999915 -0.00949122478865977 -0.00946541046672837
8.831999999999914 -0.009505985006422238 -0.009480158079793485
8.839999999999913 -0.009520754699025415 -0.009494913444674903
8.847999999999912 -0.009535535274339793 -0.00950967665063257
8.855999999999911 -0.009550328101064013 -0.009524448346366269
8.86399999999991 -0.009565134535626166 -0.009539230618186836
8.87199999999991 -0.009578333593695039 -0.009554026196263742
8.879999999999908 -0.009580779262919932 -0.009568577376319295
8.887999999999908 -0.009583967010377784 -0.009580569667645082
8.895999999999907 -0.009587980010063939 -0.009586034977135761
8.903999999999906 -0.009592990692596084 -0.009585074686968295
8.911999999999905 -0.009599331933287172 -0.009584024132254525
8.919999999999904 -0.009607354206672207 -0.009589393225908871
8.927999999999903 -0.00961718984491693 -0.009601382751909523
8.935999999999902 -0.00962872625919793 -0.00961437734779405
8.943999999999901 -0.009641821406393346 -0.009623608687932004
8.9519999999999 -0.009656520665355295 -0.009630428325381607
8.9599999999999 -0.009673044702558267 -0.00964055808551022
8.967999999999899 -0.009691579316297787 -0.009657657625468113
8.975999999999898 -0.009712109235736692 -0.009679506719761477
8.983999999999897 -0.009734473010749789 -0.009700813781223354
8.991999999999896 -0.00975856441750541 -0.009719199147831342
8.999999999999895 -0.00978445238264399 -0.00973764255387255
9.007999999999894 -0.009812295439677203 -0.00976093378285357
9.015999999999893 -0.009842157730868552 -0.009790349069668634
9.023999999999893 -0.009873932699942833 -0.009822463396216872
9.031999999999892 -0.009907449723898471 -0.00985315286455357
9.03999999999989 -0.00994263567374418 -0.009882119268234181
9.04799999999989 -0.009979552854697378 -0.009912971092053222
9.055999999999889 -0.010018281093527176 -0.009949030537753907
9.063999999999888 -0.010058782808643781 -0.009989688550374997
9.071999999999887 -0.010100898708711111 -0.010031253127529411
9.079999999999886 -0.010144470011269167 -0.010071106598968349
9.087999999999886 -0.010189446271372233 -0.01011044577646429
9.095999999999885 -0.010235863261973135 -0.010152696734667304
9.103999999999884 -0.010283724196789891 -0.010199582165586508
9.111999999999883 -0.010332920086976456 -0.010249267311512949
9.119999999999882 -0.010383273249753406 -0.010298489472834004
9.127999999999881 -0.010434648671696337 -0.01034612055954443
9.13599999999988 -0.010487008133188029 -0.010394193577989902
9.14399999999988 -0.01054035265480377 -0.010445417026575485
9.151999999999878 -0.010594623703863711 -0.01050008930974791
9.159999999999878 -0.010649673542518336 -0.01055581521605913
9.167999999999877 -0.010705332562619347 -0.010610176175126563
9.175999999999876 -0.01076149431058898 -0.01066327367910627
9.183999999999875 -0.01081812507842485 -0.010717377121047976
9.191999999999874 -0.010875193110929372 -0.010774223330527303
9.199999999999873 -0.01093260006805295 -0.010833047547473015
9.207999999999872 -0.010990189360363355 -0.010891454731822457
9.215999999999871 -0.011047817493851959 -0.010948021843463066
9.22399999999987 -0.011105407072504993 -0.011003694137837345
9.23199999999987 -0.011162925465102568 -0.0110605185830811
9.239999999999869 -0.011220317597366417 -0.01111924539841806
9.247999999999868 -0.01127746923714419 -0.01117847933145525
9.255999999999867 -0.011334238926543986 -0.011236221835100054
9.263999999999866 -0.011390519616214548 -0.01129198859048617
9.271999999999865 -0.011446261375209285 -0.011347158979103798
9.279999999999864 -0.011501433363248114 -0.011403273613320318
9.287999999999863 -0.011555970649612963 -0.011460251925608459
9.295999999999863 -0.011609764892106154 -0.011516480687048483
9.303999999999862 -0.011662706341145482 -0.011570574511679851
9.31199999999986 -0.011714728382970168 -0.011622794722284916
9.31999999999986 -0.011765806277677763 -0.01167459611710545
9.327999999999859 -0.011815914664249225 -0.011726898902713
9.335999999999858 -0.0118649928725168 -0.0117790425062194
9.343999999999857 -0.01191295536602995 -0.011829526859812735
9.351999999999856 -0.011959733158058877 -0.011877634757485937
9.359999999999856 -0.01200529931494366 -0.011924115919138641
9.367999999999855 -0.012049651997852278 -0.011970236600075736
9.375999999999854 -0.012092776331999745 -0.012016321143556066
9.383999999999853 -0.012134627978894764 -0.012061405862130923
9.391999999999852 -0.012175154898529475 -0.012104323456583313
9.399999999999851 -0.012214331219491835 -0.012144956693967248
9.40799999999985 -0.01225216567055807 -0.012184282989711762
9.41599999999985 -0.01228867708621403 -0.012223226054719006
9.423999999999848 -0.012323865729049371 -0.012261632824699222
9.431999999999848 -0.012357711827432796 -0.012298486510796302
9.439999999999847 -0.012390201112272221 -0.012333057086583187
9.447999999999846 -0.012421347814799498 -0.012365682485844999
9.455999999999845 -0.012451190249690299 -0.012397346730594592
9.463999999999844 -0.012479765481146222 -0.012428579687128795
9.471999999999843 -0.012507091848869932 -0.012458916316730208
9.479999999999842 -0.012533177713972653 -0.012487476480378921
9.487999999999841 -0.012558045107011594 -0.012513972534510061
9.49599999999984 -0.012581741498205137 -0.012539021198177078
9.50399999999984 -0.012604327531424367 -0.012563455488457104
9.511999999999839 -0.012625855441395878 -0.012587440959010772
9.519999999999838 -0.012646362027063778 -0.012610371982433201
9.527999999999837 -0.012665882691650612 -0.012631620337607905
9.535999999999836 -0.01268446975146467 -0.012651273348878448
9.543999999999835 -0.01270219465580392 -0.012670055379788008
9.551999999999834 -0.012719132538130076 -0.01268856089671368
9.559999999999834 -0.012735346799974033 -0.012706672842217133
9.567999999999833 -0.012750890243667852 -0.012723792051417174
9.575999999999832 -0.012765820226273598 -0.012739584653852198
9.58399999999983 -0.012780210236868665 -0.012754403588120331
9.59199999999983 -0.012794145311232158 -0.012768940219569386
9.59999999999983 -0.012807707055778546 -0.01278352636806975
9.607999999999828 -0.012820964961279147 -0.012797867362963667
9.615999999999827 -0.012833982779763208 -0.012811475408020122
9.623999999999826 -0.012846831812133747 -0.012824293311677623
9.631999999999826 -0.012859595969889505 -0.012836816818816554
9.639999999999825 -0.012872363378063197 -0.012849607299706007
9.647999999999824 -0.012885214238346961 -0.012862758408253041
9.655999999999823 -0.012898218109761918 -0.012875901768776642
9.663999999999822 -0.012911442693329667 -0.012888717679345536
9.671999999999821 -0.012924963580135968 -0.01290136656227041
9.67999999999982 -0.012938864052070634 -0.012914373302729829
9.68799999999982 -0.012953225528919091 -0.012928118461943012
9.695999999999819 -0.01296811938009997 -0.012942512250703258
9.703999999999818 -0.01298360865632261 -0.012957198150628731
9.711999999999817 -0.012999756979898646 -0.012972036517924343
9.719999999999816 -0.013016634238049307 -0.01298732507201755
9.727999999999815 -0.01303431286203814 -0.013003528245440897
9.735999999999814 -0.013052859103386372 -0.013020835797156583
9.743999999999813 -0.013072328878760609 -0.013039041615667376
9.751999999999812 -0.013092772190732708 -0.013057858905595349
9.759999999999811 -0.013114240569155099 -0.013077305033606192
9.76799999999981 -0.013136789058403991 -0.013097731546597996
9.77599999999981 -0.013160470748162147 -0.013119484079514904
9.783999999999809 -0.01318533008221504 -0.013142582303172237
9.791999999999808 -0.013211402121708965 -0.013166768683650921
9.799999999999807 -0.013238718026153513 -0.013191854192179978
9.807999999999806 -0.013267310255236822 -0.01321796800112589
9.815999999999805 -0.013297211720961627 -0.013245442729904385
9.823999999999804 -0.013328450069189965 -0.013274478650877636
9.831999999999804 -0.01336104349856207 -0.013304964872715947
9.839999999999803 -0.013395002461616963 -0.013336645167144267
9.847999999999802 -0.013430334940503089 -0.013369429966779636
9.855999999999801 -0.013467049265198788 -0.013403506023901734
9.8639999999998 -0.01350515150665094 -0.013439133678554316
9.8719999999998 -0.013544640572261929 -0.013476368740119347
9.879999999999798 -0.013585506443632581 -0.013515016797343776
9.887999999999797 -0.013627733252928816 -0.013554858490233402
9.895999999999797 -0.013671303544142142 -0.013595886065045654
9.903999999999796 -0.013716199022726597 -0.013638291914069034
9.911999999999795 -0.013762397222722128 -0.013682233738471812
9.919999999999794 -0.013809868006056375 -0.01372764409466185
9.927999999999793 -0.013858573758209244 -0.013774290507888347
9.935999999999792 -0.013908472898603945 -0.013822008259419226
9.943999999999791 -0.01395952276048687 -0.01387084288688134
9.95199999999979 -0.014011678842392178 -0.013920950966474718
9.95999999999979 -0.014064891577981223 -0.013972379492087137
9.967999999999789 -0.014119104408282925 -0.014024971152597836
9.975999999999788 -0.014174255299819534 -0.014078493157422104
9.983999999999787 -0.014230279985667673 -0.014132838028004661
9.991999999999786 -0.014287113455418636 -0.014188073368062269
9.999999999999785 -0.014344688353514186 -0.014244293573374155
10.007999999999784 -0.01440293249516227 -0.014301445379281649
10.015999999999783 -0.014461768063054149 -0.014359319541069018
10.023999999999782 -0.014521114119959336 -0.01441770996636909
10.031999999999782 -0.014580889040219765 -0.014476558353050775
10.03999999999978 -0.014641010841563733 -0.014535927007636215
10.04799999999978 -0.014701395315125139 -0.014595838017008984
10.055999999999779 -0.014761954363485638 -0.014656161319067586
10.063999999999778 -0.01482259658686338 -0.01471667204265708
10.071999999999777 -0.014883229593855811 -0.01477720658086901
10.079999999999776 -0.014943761679421375 -0.014837742195802936
10.087999999999775 -0.015004101355604087 -0.014898316933582916
10.095999999999774 -0.015064155654940174 -0.014958885298202286
10.103999999999774 -0.015123829406942027 -0.015019270914981807
10.111999999999773 -0.015183026496110185 -0.015079263682571096
10.119999999999772 -0.015241651897048002 -0.01513874857958544
10.127999999999771 -0.015299612517331288 -0.015197723974261902
10.13599999999977 -0.015356816301370025 -0.01525619488423689
10.14399999999977 -0.015413170974340501 -0.01531406415492458
10.151999999999768 -0.01546858411005073 -0.015371141035921423
10.159999999999767 -0.015522964661845913 -0.015427252572790012
10.167999999999767 -0.015576224497199821 -0.015482331404730829
10.175999999999766 -0.015628278564534734 -0.015536385285291995
10.183999999999765 -0.015679043892527417 -0.01558938749536991
10.191999999999764 -0.015728438875714987 -0.015641212062387857
10.199999999999763 -0.01577638389386163 -0.015691682896133704
10.207999999999762 -0.015822802793445962 -0.015740678068898176
10.215999999999761 -0.015867623849190143 -0.015788172843349792
10.22399999999976 -0.015910779472082675 -0.015834177479786615
10.23199999999976 -0.015952205361494044 -0.01587864304268984
10.239999999999759 -0.015991840343023984 -0.015921440063440505
10.247999999999758 -0.016029626982904062 -0.015962430342863064
10.255999999999757 -0.0160655131539029 -0.016001549257070563
10.263999999999756 -0.01609945233807745 -0.01603880821588488
10.271999999999755 -0.016131403093808276 -0.0160742185347507
10.279999999999754 -0.016161328431429277 -0.01610772393015965
10.287999999999753 -0.016189196003179803 -0.01613921536422711
10.295999999999752 -0.01621497906090249 -0.0161686084458757
10.303999999999752 -0.016238657294373106 -0.01619589602179559
10.31199999999975 -0.016260216840078237 -0.01622111973213054
10.31999999999975 -0.01627964968672246 -0.0162442955650635
10.327999999999749 -0.01629695333353189 -0.01626537719138753
10.335999999999748 -0.016312131216122454 -0.016284295679473242
10.343999999999747 -0.016325193536198428 -0.016301028814305
10.351999999999746 -0.016336157704462364 -0.01631562295027677
10.359999999999745 -0.016345048065531845 -0.016328145772138026
10.367999999999745 -0.016351895362500233 -0.01633862494139814
10.375999999999744 -0.016356736638967393 -0.016347040557562337
10.383999999999743 -0.01635961574267216 -0.01635337736860941
10.391999999999742 -0.016360583917612293 -0.016357676973694165
10.399999999999741 -0.016359699895538156 -0.016360032949496887
10.40799999999974 -0.01635702946632981 -0.016360536873273067
10.41599999999974 -0.016352645060059328 -0.016359236601934248
10.423999999999738 -0.01634662581169055 -0.01635615197967528
10.431999999999737 -0.016339058009953653 -0.016351328232442622
10.439999999999737 -0.016330035406796256 -0.01634486691607194
10.447999999999736 -0.016319659035138632 -0.016336901535760992
10.455999999999735 -0.016308036724993424 -0.016327546986925727
10.463999999999734 -0.01629528280793813 -0.01631687931481991
10.471999999999733 -0.016281518247737065 -0.0163049665614221
10.479999999999732 -0.016266870941106966 -0.01629191459200538
10.487999999999731 -0.016251475749495533 -0.016277876981740755
10.49599999999973 -0.016235474128474668 -0.01626301964046135
10.50399999999973 -0.01621901365135788 -0.016247480811666517
10.511999999999729 -0.016202247802821857 -0.0162313703314689
10.519999999999728 -0.016185336083992925 -0.016214807086506897
10.527999999999727 -0.01616844411345851 -0.01619795181241561
10.535999999999726 -0.0161517434180467 -0.016180999351773032
10.543999999999725 -0.01613541094827634 -0.0161641404491167
10.551999999999724 -0.016119628633465086 -0.016147536059147736
10.559999999999723 -0.01610458321060288 -0.016131331535274587
10.567999999999723 -0.01609046623147162 -0.016115693174852643
10.575999999999722 -0.01607747394869304 -0.01610082586669082
10.58399999999972 -0.016065806916345477 -0.01608695307222686
10.59199999999972 -0.01605566944489087 -0.016074282425592067
10.599999999999719 -0.016047269181858656 -0.016062994952298695
10.607999999999718 -0.01604081691774051 -0.016053268364129285
10.615999999999717 -0.016036526448256833 -0.016045307095503825
10.623999999999716 -0.016034614257449686 -0.01603934553700916
10.631999999999715 -0.01603529897961401 -0.01603562171843101
10.639999999999715 -0.016038800823969655 -0.016034351159784365
10.647999999999714 -0.016045341156733308 -0.016035729117502298
10.655999999999713 -0.016055142234003186 -0.016039957112345845
10.663999999999712 -0.016068426898617327 -0.016047263192043706
10.671999999999711 -0.01608541808927002 -0.01605789354825747
10.67999999999971 -0.01610633820763216 -0.016072085432491466
10.68799999999971 -0.01613140852350112 -0.01609005135227302
10.695999999999708 -0.01616084872760665 -0.016111990863809395
10.703999999999708 -0.01619487655734307 -0.01613811533083079
10.711999999999707 -0.016233707330355625 -0.01616865742991342
10.719999999999706 -0.01627755331630093 -0.01620385508674004
10.727999999999705 -0.01632662304164145 -0.01624392796137069
10.735999999999704 -0.016381120672561717 -0.016289071968758832
10.743999999999703 -0.016441245510412615 -0.016339476457241296
10.751999999999702 -0.016507191494003155 -0.016395343634603876
10.759999999999701 -0.016579146587650768 -0.0164568882262204
10.7679999999997 -0.016657292051322957 -0.016524317928552665
10.7759999999997 -0.01674180170236567 -0.016597816219078458
10.783999999999699 -0.01683284126471098 -0.016677545568045044
10.791999999999698 -0.01693056778459783 -0.0167636659646576
10.799999999999697 -0.017035129006084965 -0.016856347095195328
10.807999999999696 -0.017146663269257588 -0.01695576037011866
10.815999999999695 -0.01726529713831003 -0.01706205974452115
10.823999999999694 -0.017391145525499446 -0.017175372051774197
10.831999999999693 -0.01752431133996881 -0.017295806002970853
10.839999999999693 -0.0176648844740806 -0.01742346839795365
10.847999999999692 -0.017812941048604255 -0.01755846887489165
10.85599999999969 -0.017968542564339093 -0.017700907689628318
10.86399999999969 -0.01813173501667261 -0.017850859748749243
10.871999999999689 -0.01830254804375451 -0.01800837166907912
10.879999999999688 -0.01848099411330235 -0.018173473646553813
10.887999999999687 -0.018667067684023993 -0.018346191598701576
10.895999999999686 -0.01886074428019205 -0.018526545333219947
10.903999999999685 -0.019061979483324176 -0.018714534376703756
10.911999999999685 -0.019270707896646967 -0.018910126518248273
10.919999999999684 -0.019486842119793485 -0.019113260482354788
10.927999999999683 -0.01971027170701158 -0.019323858147433766
10.935999999999682 -0.01994086204423472 -0.019541831414225493
10.943999999999681 -0.02017845310656416 -0.019767075261026192
10.95199999999968 -0.02042285811309198 -0.01999945395063661
10.95999999999968 -0.020673862115953165 -0.020238794497223288
10.967999999999678 -0.020931220523541152 -0.020484892877808164
10.975999999999678 -0.02119465750607203 -0.020737524186480668
10.983999999999677 -0.02146386421936268 -0.020996443865934994
10.991999999999676 -0.021738496816634176 -0.02126137733417324
10.999999999999675 -0.022018174252940385 -0.021532008001128873
11.007999999999674 -0.022302475878927933 -0.021807974843601707
11.015999999999673 -0.022590938775472198 -0.02208887956422023
11.023999999999672 -0.022884882938149782 -0.02237429261490214
11.031999999999671 -0.023179979097235955 -0.02266404127862826
11.03999999999967 -0.023477419274201022 -0.02295796781050267
11.04799999999967 -0.0237765165799911 -0.02325494302070661
11.055999999999669 -0.024076521963617592 -0.023553239544192892
11.063999999999668 -0.024376621512138943 -0.023851924857083377
11.071999999999667 -0.024675927384588174 -0.024151153950113184
11.079999999999666 -0.02497346443501589 -0.02445114284206936
11.087999999999665 -0.02526815738115971 -0.024751020081145717
11.095999999999664 -0.02555882088766787 -0.025048820914104982
11.103999999999663 -0.025844149827522308 -0.025342577413370284
11.111999999999663 -0.026122704804565643 -0.025631255352396513
11.119999999999662 -0.02639289063496659 -0.025914505086625256
11.12799999999966 -0.026652929480605454 -0.026191532422524273
11.13599999999966 -0.026900831161125526 -0.02646034341626102
11.143999999999659 -0.02713436012080823 -0.02671815173090065
11.151999999999658 -0.027350995034444214 -0.026962426182884355
11.159999999999657 -0.02754787654637315 -0.027191370025757316
11.167999999999656 -0.027721740889839624 -0.027403288041693445
11.175999999999656 -0.027868838940771513 -0.027595528975246517
11.183999999999655 -0.02798483951872294 -0.027764116446274946
11.191999999999654 -0.028064714133133363 -0.0279043673470008
11.199999999999653 -0.028102602314177823 -0.028011685222992824
11.207999999999652 -0.028065001087925916 -0.028081537981766536
11.215999999999651 -0.02791612190396584 -0.028104278237017347
11.22399999999965 -0.02765372172114432 -0.028054316319686787
11.23199999999965 -0.02728623227691916 -0.02789264746776311
11.239999999999648 -0.02682616337483785 -0.02759417013126494
11.247999999999648 -0.026290527729609863 -0.027172345582417812
11.255999999999647 -0.02570143468445372 -0.026670010640323077
11.263999999999646 -0.025087272695668617 -0.02612517006628981
11.271999999999645 -0.024484670889466528 -0.02554964903966137
11.279999999999644 -0.023941969556616927 -0.02494403469383443
