TIME COMMAND DEFL
0.0 0.0 0.0
0.005 0.0 0.0
0.01 0.0 0.0
0.015 0.0 0.0
0.02 -1.2377120058141599e-06 0.0
0.025 -3.4606562314050604e-06 -7.735700036338499e-08
0.030000000000000002 -6.228062481040439e-06 -4.9380925326646e-07
0.035 -7.601638142478154e-06 -1.596088498505742e-06
0.04 -1.1291954912479606e-06 -3.470396427555327e-06
0.045 -3.6787741187102792e-06 -5.265658319317024e-06
0.049999999999999996 -5.392442486286486e-06 -5.760087246966705e-06
0.05499999999999999 -8.92153194342833e-06 -5.085461006684836e-06
0.05999999999999999 -1.3400885213401641e-05 -4.568522401747753e-06
0.06499999999999999 -1.8652543014167536e-05 -5.477185237916094e-06
0.06999999999999999 -2.4635451060592174e-05 -8.416004239172414e-06
0.075 -3.1327551457097665e-05 -1.3220862421428636e-05
0.08 -3.8714593968163996e-05 -1.9297992367877968e-05
0.085 -4.678621700549435e-05 -2.6057015625095596e-05
0.09000000000000001 -5.553454942099018e-05 -3.3177703612069776e-05
0.09500000000000001 -6.495348992296049e-05 -4.064248329920207e-05
0.10000000000000002 -7.503802060662061e-05 -4.8611968026771974e-05
0.10500000000000002 -8.578351361360441e-05 -5.726726718646397e-05
0.11000000000000003 -9.718520101113551e-05 -6.670885187377657e-05
0.11500000000000003 -0.00010923792887676154 -7.693745812535558e-05
0.12000000000000004 -0.00012193617053144794 -8.789208601415155e-05
0.12500000000000003 -0.0001352741671027303 -9.950266790115797e-05
0.13000000000000003 -0.00014924605282794695 -0.00011172543505335676
0.13500000000000004 -0.0001638458866503501 -0.00012455076133527316
0.14000000000000004 -0.00017906759318828957 -0.0001379909961693636
0.14500000000000005 -0.00019490486662884998 -0.00015206250120183102
0.15000000000000005 -0.0002113510949529403 -0.00016677306507974994
0.15500000000000005 -0.00022839933360796434 -0.00018211861469816828
0.16000000000000006 -0.000246042323608462 -0.00019808697109806832
0.16500000000000006 -0.0002642725290939656 -0.00021466388665425544
0.17000000000000007 -0.00029793596003518377 -0.0002318374611739554
0.17500000000000007 -0.0003215519286826843 -0.000250527810182785
0.18000000000000008 -0.00034579031989956507 -0.00027246764587300843
0.18500000000000008 -0.00037063987350620473 -0.00029777875503653726
0.19000000000000009 -0.0003960815874870207 -0.0003247101950651703
0.1950000000000001 -0.00042209353798130015 -0.0003515077618382806
0.2000000000000001 -0.00044866132432714375 -0.00037738703119680493
0.2050000000000001 -0.0004757792791153427 -0.00040256798527414645
0.2100000000000001 -0.0005034458683045705 -0.00042777446466424075
0.2150000000000001 -0.000531658068494575 -0.0004536808601190488
0.2200000000000001 -0.0005604080921621413 -0.00048060595622172745
0.22500000000000012 -0.0005896833206214172 -0.000508504277550023
0.23000000000000012 -0.0006194683395235696 -0.0005371369354854618
0.23500000000000013 -0.0006497473179155572 -0.0005662644773111755
0.24000000000000013 -0.0006805054538209101 -0.0005957587424549853
0.24500000000000013 -0.0007117291510550733 -0.0006256131124477616
0.2500000000000001 -0.0007434053454114083 -0.0006558887290142042
0.2550000000000001 -0.00077552065758134 -0.0006866498130960297
0.2600000000000001 -0.0008080608741394379 -0.0007179243091939007
0.2650000000000001 -0.0008410109009457015 -0.0007496985316234631
0.27000000000000013 -0.0008743550425515471 -0.0007819342240495877
0.27500000000000013 -0.0009080773556458002 -0.0008145903289069701
0.28000000000000014 -0.0009421618850058599 -0.0008476368692816869
0.28500000000000014 -0.000976592722410129 -0.000881057476806656
0.29000000000000015 -0.0010113539391592998 -0.0009148441015536505
0.29500000000000015 -0.0010464294850605165 -0.0009489897790390058
0.30000000000000016 -0.001081803126557206 -0.0009834838149203064
0.30500000000000016 -0.0011174584485294885 -0.0010183107362036255
0.31000000000000016 -0.0011533789029542368 -0.001053451950080651
0.31500000000000017 -0.0011895478708714385 -0.0010888881722241942
0.3200000000000002 -0.00122594871054649 -0.0011246011240555558
0.3250000000000002 -0.0012625647820149078 -0.0011605739860368887
0.3300000000000002 -0.0012993794535057462 -0.0011967909174092242
0.3350000000000002 -0.0013363761017825496 -0.0012332362782667442
0.3400000000000002 -0.001373538116461147 -0.001269894067574244
0.3450000000000002 -0.0014108489122181026 -0.0013067477688249267
0.3500000000000002 -0.001448291947182527 -0.0013437805149229198
0.3550000000000002 -0.0014858507432667087 -0.0013809753649446802
0.3600000000000002 -0.0015235089047597604 -0.0014183155179641781
0.3650000000000002 -0.0015612501336590098 -0.0014557843934004386
0.3700000000000002 -0.0015990582422535024 -0.001493365602137919
0.3750000000000002 -0.001636917164442723 -0.0015310428756288592
0.3800000000000002 -0.0016748109671208015 -0.0015688000121713273
0.38500000000000023 -0.00171272386221141 -0.0016066208659954017
0.39000000000000024 -0.0017506402192017639 -0.0016444893728742374
0.39500000000000024 -0.0017885445776581479 -0.0016823895906138682
0.40000000000000024 -0.001826421659238308 -0.0017203057344817446
0.40500000000000025 -0.001864256378971975 -0.001758222198360284
0.41000000000000025 -0.0019020338558428053 -0.0017961235631006464
0.41500000000000026 -0.0020323787068509264 -0.0018339945989945248
0.42000000000000026 -0.0020811339173664803 -0.0018776102242884444
0.42500000000000027 -0.002129725522863224 -0.0019368431557624472
0.43000000000000027 -0.0021780195598954124 -0.002009973708687255
0.4350000000000003 -0.002225739483061851 -0.0020841104344779637
0.4400000000000003 -0.0022726303228963107 -0.0021486163075995525
0.4450000000000003 -0.0023186520230508417 -0.0022005546438313805
0.4500000000000003 -0.002363949464625263 -0.0022434721604393166
0.4550000000000003 -0.0024087238012865226 -0.002283233008423437
0.4600000000000003 -0.0024531182270381953 -0.00232434035257874
0.4650000000000003 -0.0024971733224871543 -0.002368408627258468
0.4700000000000003 -0.002540848000088317 -0.002414653637659103
0.4750000000000003 -0.002584070284965017 -0.0024613203499907386
0.4800000000000003 -0.002626781575556894 -0.0025069619190574164
0.4850000000000003 -0.0026689558233477634 -0.0025510152076895125
0.4900000000000003 -0.0027105948098770614 -0.0025936959126040054
0.49500000000000033 -0.0027517118174364896 -0.002635557206345257
0.5000000000000003 -0.0027923165431760987 -0.0026770721143879726
0.5050000000000003 -0.0028324081591132727 -0.0027184336360715276
0.5100000000000003 -0.0028719765620302436 -0.002759577031832715
0.5150000000000003 -0.0029110078213115654 -0.002800318269305064
0.5200000000000004 -0.0029494894273573483 -0.002840491331110882
0.5250000000000004 -0.0029874128618709445 -0.002880017933822904
0.5300000000000004 -0.0030247733492065887 -0.002918904695987899
0.5350000000000004 -0.0030615680846740267 -0.0029572003182935158
0.5400000000000004 -0.0030977944410588683 -0.0029949508560885387
0.5450000000000004 -0.0031334490396661262 -0.0030321757235327153
0.5500000000000004 -0.0031685277794612447 -0.0030688672149215834
0.5550000000000004 -0.003203026409760539 -0.0031050036545799365
0.5600000000000004 -0.0032369411386976815 -0.003140563893396346
0.5650000000000004 -0.0032702689639489075 -0.003175535502259226
0.5700000000000004 -0.0033030076787565906 -0.0032099153836514147
0.5750000000000004 -0.010105157081761521 -0.003243705772440946
0.5800000000000004 -0.008787213473880999 -0.003700034651743164
0.5850000000000004 -0.007505574786969566 -0.005166270145706029
0.5900000000000004 -0.0062583591945583154 -0.007170552708704852
0.5950000000000004 -0.004986253151689144 -0.008513503613674481
0.6000000000000004 -0.003633683574861259 -0.008496652001791723
0.6050000000000004 -0.002235759798701122 -0.007213811708263081
0.6100000000000004 -0.0008844246282585988 -0.005246411130040414
0.6150000000000004 0.0003453495968388067 -0.0032177786851909427
0.6200000000000004 0.0014134513358654132 -0.0015086857237195115
0.6250000000000004 0.0023141404983500653 -0.00020714789662125595
0.6300000000000004 0.003065252121778514 0.0007862123292382917
0.6350000000000005 0.0036920291580692143 0.001616592839191845
0.6400000000000005 0.004215490166403716 0.002380839360293884
0.6450000000000005 0.004648557176293701 0.0031035016228017657
0.6500000000000005 0.004997963910561093 0.0037613579038329853
0.6550000000000005 0.005268133639410094 0.004321118189614383
0.6600000000000005 0.005464102752781822 0.004765042865557856
0.6650000000000005 0.005592461591702997 0.005097033854494093
0.6700000000000005 0.005660779007359068 0.005334989545813215
0.6750000000000005 0.005676524073018256 0.005499445450492188
0.6800000000000005 0.005645251907709698 0.005605812626748496
0.6850000000000005 0.00543550669743679 0.005662353348899904
0.6900000000000005 0.005296896164254277 0.005663695714920197
0.6950000000000005 0.005130189543669537 0.00559596315179096
0.7000000000000005 0.004940771270216228 0.00546232844759258
0.7050000000000005 0.004732618803483762 0.005285428290441046
0.7100000000000005 0.004507877937257935 0.005088359244147519
0.7150000000000005 0.004268206485488745 0.0048842008279234815
0.7200000000000005 0.004015473345778055 0.004674861620882392
0.7250000000000005 0.003751852722139473 0.004455755440305135
0.7300000000000005 0.0034796137518413152 0.004221688044718732
0.7350000000000005 0.0032008821897776796 0.0039706521505200425
0.7400000000000005 0.002917509039035475 0.003704538578704707
0.7450000000000006 0.0026310547723630657 0.003427637085367319
0.7500000000000006 0.002342838595628705 0.003144515155265567
0.7550000000000006 0.0020540003920656537 0.0028585345030353515
0.7600000000000006 0.0017655467169680535 0.002571460408168345
0.7650000000000006 0.0014783754662637328 0.0022839143202368316
0.7700000000000006 0.0011932858862503026 0.001996116524575839
0.7750000000000006 0.0009109824773094258 0.001708450210830222
0.7800000000000006 0.0006443900704506907 0.0014216545938678577
0.7850000000000006 0.00039047180335455983 0.0011374812383542685
0.7900000000000006 0.00014211226561899664 0.0008594591347475855
0.7950000000000006 -0.00010036582340734084 0.0005914160504239246
0.8000000000000006 -0.000336774816231491 0.00033490296643287447
0.8050000000000006 -0.0005670996766764767 8.869776638600543e-05
0.8100000000000006 -0.000791429069154744 -0.0001497394643864968
0.8150000000000006 -0.0010098519496211013 -0.0003826119864695677
0.8200000000000006 -0.0012244481956153474 -0.0006109271335375949
0.8250000000000006 -0.0014305293986381293 -0.0008346822584745545
0.8300000000000006 -0.0016307735174756748 -0.001053345864926682
0.8350000000000006 -0.0018251410411351085 -0.0012660781025772474
0.8400000000000006 -0.0020136462241215794 -0.001472182131280584
0.8450000000000006 -0.0021963391033983535 -0.001671507068166662
0.8500000000000006 -0.0023732947149160233 -0.001864358314563416
0.8550000000000006 -0.0025445982412287717 -0.0020512019320397404
0.8600000000000007 -0.0025612366300431654 -0.0022324086687308584
0.8650000000000007 -0.002543288572226942 -0.0023988325927160577
0.8700000000000007 -0.002524171644609476 -0.002524555048672329
0.8750000000000007 -0.00250396054639554 -0.002586611053916037
0.8800000000000007 -0.0024832783682696077 -0.002586759514231295
0.8850000000000007 -0.002463185533359916 -0.0025483135637843187
0.8900000000000007 -0.002444593995142704 -0.002499850433016677
0.8950000000000007 -0.002427846097584081 -0.002461243377881372
0.9000000000000007 -0.0024140428348902315 -0.0024387960011577462
0.9050000000000007 -0.002401192536677659 -0.002428542415288742
0.9100000000000007 -0.0023887982984436003 -0.0024228433231119452
0.9150000000000007 -0.002376411026053749 -0.0024156340464913024
0.9200000000000007 -0.00236376902546548 -0.0024045262646756804
0.9250000000000007 -0.0023507333672858925 -0.002390251434265648
0.9300000000000007 -0.002337211078708588 -0.002374844545269738
0.9350000000000007 -0.002323105231465757 -0.002359987080582729
0.9400000000000007 -0.002547184101107134 -0.0023462429616085525
0.9450000000000007 -0.002806588322689132 -0.0023481058953347587
0.9500000000000007 -0.003071140567417319 -0.002405594922474915
0.9550000000000007 -0.0024887308061452185 -0.0025537764907587026
0.9600000000000007 -0.002740328125566835 -0.002737756352683216
0.9650000000000007 -0.0029955741558299795 -0.0028391063420722647
0.9700000000000008 -0.0032540235479796738 -0.0028466262381835338
0.9750000000000008 -0.0035163587477042343 -0.0028612232187568906
0.9800000000000008 -0.0037833635210342063 -0.0029697291651342122
0.9850000000000008 -0.004054857640753309 -0.0031933555073032226
0.9900000000000008 -0.004329781450561415 -0.0034972296968683557
0.9950000000000008 -0.004617200105863097 -0.003827053098857365
1.0000000000000007 -0.004895015389283583 -0.0041423793842925456
1.0050000000000006 -0.005173456558606676 -0.004429745889922732
1.0100000000000005 -0.005452297101956993 -0.004696115524034525
1.0150000000000003 -0.005731470974977943 -0.004955942441754212
1.0200000000000002 -0.006010842664864094 -0.005221075713692419
1.0250000000000001 -0.006290122663163543 -0.005496035768971713
1.03 -0.006568890010682947 -0.005778784992834815
1.035 -0.00684666987802119 -0.006064338828835794
1.0399999999999998 -0.007123008168765042 -0.006348275842576438
1.0449999999999997 -0.00739751009524806 -0.006628484774057985
1.0499999999999996 -0.0076698402331566605 -0.006905043938633807
1.0549999999999995 -0.00795448571310449 -0.007179082973532776
1.0599999999999994 -0.008269575454920325 -0.007452538929228536
1.0649999999999993 -0.00858402182959331 -0.007730161531926021
1.0699999999999992 -0.008897493056725016 -0.00801886514472478
1.074999999999999 -0.009209597604081785 -0.008322066146664017
1.079999999999999 -0.009519853609368606 -0.008636766007137801
1.0849999999999989 -0.009827724074652565 -0.008956249217583688
1.0899999999999987 -0.010132690571417847 -0.009274092198141957
1.0949999999999986 -0.010434302555788583 -0.009586660742451548
1.0999999999999985 -0.010732182128624451 -0.009893354841617245
1.1049999999999984 -0.011025996650781699 -0.010195351346001413
1.1099999999999983 -0.011315423657913173 -0.010494052494901363
1.1149999999999982 -0.011600127135684035 -0.010790102531375596
1.119999999999998 -0.01187975141168049 -0.011083202917663387
1.124999999999998 -0.012153928090409417 -0.01137247371008733
1.129999999999998 -0.012422287149239576 -0.011656950588253712
1.1349999999999978 -0.012684465015592103 -0.011935915395191427
1.1399999999999977 -0.01294010690975135 -0.012208967932511113
1.1449999999999976 -0.01318886467764202 -0.012475912823029924
1.1499999999999975 -0.01343039305446338 -0.01273659482814859
1.1549999999999974 -0.01366434686663329 -0.01299078497684284
1.1599999999999973 -0.013890380189226618 -0.013238151759017077
1.1649999999999971 -0.014108147091944578 -0.01347829551764392
1.169999999999997 -0.014317302966033105 -0.013710802482272274
1.174999999999997 -0.014517505539393303 -0.013935283697672038
1.1799999999999968 -0.014708415194732153 -0.014151386199033436
1.1849999999999967 -0.014889694697077595 -0.014358782722209806
1.1899999999999966 -0.015061008678133737 -0.014557154074797114
1.1949999999999965 -0.015222023199496348 -0.014746175892665317
1.1999999999999964 -0.015372405545764928 -0.014925514381397345
1.2049999999999963 -0.015511824225386057 -0.015094829286654685
1.2099999999999962 -0.015639949067193737 -0.015253779539909343
1.214999999999996 -0.015757899858953123 -0.015402027648254473
1.219999999999996 -0.015861078267127293 -0.015539331717789602
1.2249999999999959 -0.014292001804524293 -0.01566542130619285
1.2299999999999958 -0.014380140975494449 -0.01567594472729926
1.2349999999999957 -0.0144562713339167 -0.015406097582214524
1.2399999999999956 -0.01452197910403609 -0.0149198354121737
1.2449999999999954 -0.014581590023137567 -0.014473629467643195
1.2499999999999953 -0.014638674269552376 -0.014251438718895237
1.2549999999999952 -0.014692851661201758 -0.014276018084889007
1.2599999999999951 -0.014740554700147793 -0.014450965511916831
1.264999999999995 -0.014777428602294824 -0.014650484304606698
1.269999999999995 -0.014800355598753343 -0.014789124686049298
1.2749999999999948 -0.014808169133529722 -0.014844078650064988
1.2799999999999947 -0.014801184710775484 -0.014838368131080337
1.2849999999999946 -0.014780227131062326 -0.014809311685042863
1.2899999999999945 -0.014745819812540471 -0.01478371361981779
1.2949999999999944 -0.014697860160516267 -0.014768916737563155
1.2999999999999943 -0.014635738940501058 -0.014757262540327538
1.3049999999999942 -0.014558662834409826 -0.014736020560838661
1.309999999999994 -0.014465938454792698 -0.014695575899257815
1.314999999999994 -0.014357093703451842 -0.014632604280979542
1.3199999999999938 -0.014231842983550295 -0.014548819411096538
1.3249999999999937 -0.014089977102868015 -0.014447797122878308
1.3299999999999936 -0.013931263066007879 -0.014332252124206106
1.3349999999999935 -0.013755399605672508 -0.014202905330585238
1.3399999999999934 -0.013562028369508865 -0.014058814172934479
1.3449999999999933 -0.013350773446365649 -0.013898377153763207
1.3499999999999932 -0.013121279181168156 -0.013720232431532052
1.354999999999993 -0.012873229373189993 -0.013523657164505208
1.359999999999993 -0.012606347051605536 -0.013308487768753628
1.3649999999999929 -0.012320383956945926 -0.013074807158090595
1.3699999999999928 -0.011955545708012053 -0.012822653273000422
1.3749999999999927 -0.011539911686279002 -0.01254816054364726
1.3799999999999926 -0.011118088581618876 -0.01223943868006866
1.3849999999999925 -0.010690786249912251 -0.01188453221288026
1.3899999999999924 -0.010259169574119613 -0.011484102222883071
1.3949999999999922 -0.009824788309457162 -0.011052179075829009
1.3999999999999921 -0.009389169826616302 -0.010607141900063712
1.404999999999992 -0.008953439227549072 -0.01016293544635053
1.409999999999992 -0.008518212715432901 -0.009725412317200558
1.4149999999999918 -0.008083737683267256 -0.009293734285001567
1.4199999999999917 -0.007650127759287117 -0.00886415840777027
1.4249999999999916 -0.007217551359053612 -0.008433444932982108
1.4299999999999915 -0.006786310554742264 -0.008000460764361438
1.4349999999999914 -0.006356824144544722 -0.0075660227705614015
1.4399999999999913 -0.005929567060402919 -0.007131845494909642
1.4449999999999912 -0.005505015536603547 -0.006699506945056058
1.449999999999991 -0.005083622538160562 -0.006269933502661679
1.454999999999991 -0.004665822286050501 -0.005843430994059533
1.4599999999999909 -0.004252048909759774 -0.005420009940464684
1.4649999999999908 -0.003842753764524558 -0.004999719045437279
1.4699999999999906 -0.003438413199268136 -0.0045828213292819385
1.4749999999999905 -0.003039526672779401 -0.00416979589438155
1.4799999999999904 -0.002646609782089148 -0.003761240389691762
1.4849999999999903 -0.0022601872129261193 -0.0033577646400572408
1.4899999999999902 -0.002075709303223914 -0.002959930587940072
1.4949999999999901 -0.0017418479362848965 -0.002580429544774681
1.49999999999999 -0.001415979804869634 -0.0022414581846423596
1.50499999999999 -0.0010986809443277999 -0.0019422732355724591
1.5099999999999898 -0.0007899786349849076 -0.001658122328518343
1.5149999999999897 -0.0004894993600892983 -0.001366838555120415
1.5199999999999896 -0.00019714347611202957 -0.0010608807402967871
1.5249999999999895 8.801762952578554e-05 -0.0007460475221144273
1.5299999999999894 0.0003606840707404508 -0.0004335612357941103
1.5349999999999893 0.0006232571495349924 -0.00013275472142474618
1.5399999999999892 0.0008751195955990039 0.00015205978993254664
1.544999999999989 0.0011158287557005786 0.0004212399956680405
1.549999999999989 0.0013450475934038975 0.0006775670655663835
1.5549999999999888 0.0015624559403481805 0.0009236989548409491
1.5599999999999887 0.0017676881868530828 0.0011607393834809215
1.5649999999999886 0.001960325084361646 0.0013881659572398143
1.5699999999999885 0.002139926632989485 0.001604579937619941
1.5749999999999884 0.0023060762832208797 0.0018085630836129963
1.5799999999999883 0.0024584123124312225 0.001999180092717238
1.5849999999999882 0.0025966380236023797 0.002176037379681132
1.589999999999988 0.002720516100137137 0.0023390648057059972
1.594999999999988 0.0028298579268583716 0.002488250382309023
1.5999999999999879 0.0029245165300879313 0.0026234808315755915
1.6049999999999878 0.003004386202093907 0.002744522051915438
1.6099999999999877 0.0030694070646316678 0.0028510896311275706
1.6149999999999876 0.0031195708810547 0.0029429367200198464
1.6199999999999875 0.003154925136965819 0.0030199094987144242
1.6249999999999873 0.0031755743205482564 0.0030819579108676783
1.6299999999999872 0.0031816789896282486 0.00312911652167533
1.6349999999999871 0.0031734538877125794 0.0031614783572945066
1.639999999999987 0.0031511661329546707 0.003179177841414574
1.644999999999987 0.003115133850598991 0.0031823872273964784
1.6499999999999868 0.003065725051624784 0.0031713221798864914
1.6549999999999867 0.003003356356843771 0.003146249389516547
1.6599999999999866 0.002928491085146667 0.0031074910507799735
1.6649999999999865 0.0028416368547824616 0.003055424659778146
1.6699999999999864 0.0027433425446089306 0.0029904793761263166
1.6749999999999863 0.002634194885745108 0.0029131311531568884
1.6799999999999862 0.002514814845608399 0.0028238982990397604
1.684999999999986 0.0023785681662798585 0.0027233380206671577
1.689999999999986 0.00223398220243334 0.0026115882743745983
1.6949999999999859 0.0020820161518742136 0.0024881327095806443
1.6999999999999857 0.0019234917879141413 0.002352867843918455
1.7049999999999856 0.0017593112955686322 0.0022069541762060134
1.7099999999999855 0.0015904012429388838 0.0020524210232776654
1.7149999999999854 0.001417635518183653 0.0018913766577224776
1.7199999999999853 0.001241794706885773 0.0017254454498331667
1.7249999999999852 0.0010635708395619272 0.0015556336425016914
1.729999999999985 0.0008835979073390364 0.0013825128012241552
1.734999999999985 0.000702483636848189 0.0012065001842902704
1.739999999999985 0.0005208277079204139 0.0010280649565958778
1.7449999999999848 0.0003392242754718846 0.0008477998971810857
1.7499999999999847 0.0001582547555574695 0.00066638827159812
1.7549999999999846 -2.1521475170033352e-05 0.00048453086025596233
1.7599999999999845 5.2876479034959364e-05 0.00030288667501156665
1.7649999999999844 -0.0001269685549102782 0.0001378275246431366
1.7699999999999843 -0.0003055458528393371 1.4685241305906503e-05
1.7749999999999841 -0.0004825893686052035 -7.632613081113508e-05
1.779999999999984 -0.0006592388141731711 -0.00017435381762155472
1.784999999999984 -0.0008367968195906837 -0.00030732049420017523
1.7899999999999838 -0.0010151367430545255 -0.0004785334908606198
1.7949999999999837 -0.001192820520135257 -0.0006733111581078002
1.7999999999999836 -0.0013679933279463169 -0.000872629104975173
1.8049999999999835 -0.001539192587629078 -0.0010634502243536998
1.8099999999999834 -0.0017056604828207611 -0.0012418464312489818
1.8149999999999833 -0.0018671984412057907 -0.0014104330115167858
1.8199999999999832 -0.002023826862955859 -0.001573834109784256
1.824999999999983 -0.0021755017331205524 -0.001735248124571967
1.829999999999983 -0.0023220035284255204 -0.0018952896338266646
1.8349999999999829 -0.0024629778287167236 -0.002052647576220746
1.8399999999999828 -0.0025989127459426806 -0.002205416438677897
1.8449999999999827 -0.0027264218721911523 -0.0023521953386155914
1.8499999999999825 -0.0028473835813037115 -0.002492354359252659
1.8549999999999824 -0.0029616329531100393 -0.002625646269967745
1.8599999999999823 -0.0030690675105226207 -0.0027519973335108244
1.8649999999999822 -0.003169616493413903 -0.002871477903897761
1.8699999999999821 -0.0032632287052488653 -0.0029841840040768187
1.874999999999982 -0.0033498635235987943 -0.0030901492731337864
1.879999999999982 -0.0034294896707968816 -0.0031893259531034727
1.8849999999999818 -0.0035020894375158884 -0.0032816177584010474
1.8899999999999817 -0.0035676639861728877 -0.0033669276791654973
1.8949999999999816 -0.0036262365510061406 -0.003445192207241394
1.8999999999999815 -0.0036778526529585302 -0.003516392468029067
1.9049999999999814 -0.0037225781918033534 -0.0035805478764311376
1.9099999999999813 -0.003760496851475956 -0.003637703489929041
1.9149999999999812 -0.0037917079012589703 -0.003687919881838254
1.919999999999981 -0.003816324781138136 -0.003731268887972899
1.924999999999981 -0.003834474308716967 -0.003767834085639293
1.9299999999999808 -0.0038462961324789496 -0.003797713063777127
1.9349999999999807 -0.0038519421253754727 -0.0038210190433848818
1.9399999999999806 -0.0038515755985224975 -0.003837880877936175
1.9449999999999805 -0.003845370372444526 -0.003848441724611134
1.9499999999999804 -0.003833509809206174 -0.003852857206044194
1.9549999999999803 -0.0038161858930568643 -0.0038512937613528904
1.9599999999999802 -0.0037935983952325377 -0.0038439274779183048
1.96499999999998 -0.0037659541123228066 -0.0038309433358205405
1.96999999999998 -0.0037334661469104282 -0.0038125346390862676
1.9749999999999799 -0.0036963532024904284 -0.0037889024345771406
1.9799999999999798 -0.0036548388793932515 -0.0037602548305071958
1.9849999999999797 -0.0036091509722482717 -0.0037268062277234755
1.9899999999999796 -0.003559520776261879 -0.0036887765229766754
1.9949999999999795 -0.0035061824093576026 -0.0036463903378168606
1.9999999999999793 -0.003441028772125803 -0.0035998762967891077
2.0049999999999795 -0.00337037037929914 -0.003548944889408465
2.0099999999999794 -0.0032971913954550616 -0.0034923395459773112
2.0149999999999793 -0.0032217920916549347 -0.0034289255218675234
2.019999999999979 -0.003144555891564386 -0.0033590180113116644
2.024999999999979 -0.003065940718741495 -0.0032842807172203626
2.029999999999979 -0.002611395676931615 -0.0032067692504939415
2.034999999999979 -0.002557786814308005 -0.0031046376194120147
2.0399999999999787 -0.0025046671140024207 -0.002943134950643789
2.0449999999999786 -0.002453570378686201 -0.0027409328480473847
2.0499999999999785 -0.002407761194162579 -0.002559080606194355
2.0549999999999784 -0.0023694933294893085 -0.002438865373186408
2.0599999999999783 -0.0023380197550944342 -0.002383162922809688
2.064999999999978 -0.002310534369924756 -0.0023680812449212744
2.069999999999978 -0.0022840219941331888 -0.0023641986835429
2.074999999999978 -0.002256574689652714 -0.002351927755463026
2.079999999999978 -0.002227694297981345 -0.002325732216216898
2.0849999999999778 -0.002197841876783599 -0.002289942394330753
2.0899999999999777 -0.0021677631983926414 -0.0022518768601016174
2.0949999999999775 -0.0021380021313956573 -0.002216763662072903
2.0999999999999774 -0.0021087438987688477 -0.002186069934606789
2.1049999999999773 -0.002079909753644784 -0.002158473458632527
2.1099999999999772 -0.0020513399216006267 -0.0021317799721535923
2.114999999999977 -0.002022933609827079 -0.0021044071290103766
2.119999999999977 -0.0019946958278050883 -0.002075900168405103
2.124999999999977 -0.001966709433386584 -0.002046664174766827
2.129999999999977 -0.0019390793783330077 -0.0020173984062535704
2.1349999999999767 -0.0019118887667670126 -0.0019886437012882835
2.1399999999999766 -0.0018851828646817682 -0.001960611928806572
2.1449999999999765 -0.0018589763579183348 -0.0019332518008633157
2.1499999999999764 -0.0018332699650737496 -0.001906410806461557
2.1549999999999763 -0.001808064228245364 -0.0018799701554178927
2.159999999999976 -0.001783508716841689 -0.0018538991394743062
2.164999999999976 -0.0017594952995956233 -0.001828248262078415
2.169999999999976 -0.0017360196581515967 -0.0018031100639188061
2.174999999999976 -0.001713083929043652 -0.0017785613701182842
2.1799999999999757 -0.0016906865579852702 -0.001754627387560568
2.1849999999999756 -0.0016688205008253767 -0.0017312882093849992
2.1899999999999755 -0.0016474751590571774 -0.0017085054619170271
2.1949999999999754 -0.0016266382931368066 -0.0016862462290771448
2.1999999999999753 -0.0016062970719083606 -0.0016644931737062828
2.204999999999975 -0.0015864381946682183 -0.0016432417769255284
2.209999999999975 -0.0015670475166783336 -0.0016224917057857465
2.214999999999975 -0.0015481096703713433 -0.001602239182454405
2.219999999999975 -0.0015296079610652468 -0.001582473725153257
2.2249999999999748 -0.001511524553279931 -0.0015631789999883835
2.2299999999999747 -0.0014938408052009087 -0.0015443356207511466
2.2349999999999746 -0.0014765375899462147 -0.0015259237359887014
2.2399999999999745 -0.0014595955115670417 -0.0015079243046354314
2.2449999999999743 -0.0014429950138040459 -0.0014903190901286866
2.2499999999999742 -0.001426716427493571 -0.0014730900136414528
2.254999999999974 -0.0014107400119218912 -0.0014562185307605145
2.259999999999974 -0.0013950460216395314 -0.0014396853831922473
2.264999999999974 -0.0013796148011866582 -0.0014234707321950867
2.269999999999974 -0.001364426892661149 -0.0014075544873862957
2.2749999999999737 -0.0013494631383280538 -0.0013919166299661678
2.2799999999999736 -0.0013347047676130507 -0.0013765374200701093
2.2849999999999735 -0.0013201334670104982 -0.0013613974818310638
2.2899999999999734 -0.001305731437260025 -0.0013464778197285051
2.2949999999999733 -0.0012914814432116312 -0.0013317598262100909
2.299999999999973 -0.0010847207896823204 -0.001317225314486768
2.304999999999973 -0.0010917923440179073 -0.0012908162000186878
2.309999999999973 -0.0010999395102322224 -0.0012347178991795901
2.314999999999973 -0.0011097062882335677 -0.0011596640295884187
2.3199999999999728 -0.0011224048632584023 -0.0010981047711946935
2.3249999999999726 -0.0011373745660784773 -0.0010712104963710972
2.3299999999999725 -0.0011565604537546294 -0.00107932536520356
2.3349999999999724 -0.001178242950968863 -0.0011086294836347658
2.3399999999999723 -0.0012005477191104528 -0.0011429774386576635
2.344999999999972 -0.0012222460709944575 -0.0011721741869511284
2.349999999999972 -0.0012429449400469942 -0.0011938069086015542
2.354999999999972 -0.0012628130310215577 -0.0012105775707706738
2.359999999999972 -0.0012821747933320468 -0.0012264435115520208
2.364999999999972 -0.0013012245456358357 -0.0012439704059086566
2.3699999999999717 -0.001319943031227662 -0.0012636193181881307
2.3749999999999716 -0.0013381635040960148 -0.001284416902787086
2.3799999999999715 -0.001355685660818019 -0.0013050362239232893
2.3849999999999714 -0.0013723587196230016 -0.0013245637750866944
2.3899999999999713 -0.0013881061066535734 -0.001342717447172405
2.394999999999971 -0.0014029056580559737 -0.0013596594402114572
2.399999999999971 -0.001416754984648414 -0.00137568160554079
2.404999999999971 -0.0014296455856376712 -0.0013909759700835521
2.409999999999971 -0.001441554329523929 -0.0014055634611469488
2.4149999999999707 -0.0014524484825280553 -0.0014193425201602427
2.4199999999999706 -0.0014622955494886234 -0.001432178118813938
2.4249999999999705 -0.001471070815080676 -0.0014439686012708928
2.4299999999999704 -0.0014787598530104954 -0.0014546676451845555
2.4349999999999703 -0.0014974039662522026 -0.0014642712340010142
2.43999999999997 -0.0014985445811463763 -0.0014735451114689835
2.44499999999997 -0.0014992554796215592 -0.0014834216971127598
2.44999999999997 -0.0014995403567747746 -0.0014927809615495986
2.45499999999997 -0.0014993445784562338 -0.0014993718303282326
2.4599999999999698 -0.00149867989288368 -0.0015022129850493981
2.4649999999999697 -0.0014976971579512427 -0.0015019511690028502
2.4699999999999696 -0.0014966142031558713 -0.0015000773689667459
2.4749999999999694 -0.0014956182080808566 -0.0014979820170545818
2.4799999999999693 -0.001494812248777535 -0.0014964293588463691
2.4849999999999692 -0.0014942179944957405 -0.0014955405108160909
2.489999999999969 -0.00149381104526603 -0.0014950736558798003
2.494999999999969 -0.0014935587703962228 -0.0014947359998991024
2.499999999999969 -0.0014934423226417384 -0.0014943658622986772
2.504999999999969 -0.001493460210270242 -0.001493959664371866
2.5099999999999687 -0.001493620749785015 -0.0014936049486971885
2.5149999999999686 -0.0014939325919997568 -0.0014933973873597595
2.5199999999999685 -0.0014943990784486354 -0.0014933908325211946
2.5249999999999684 -0.0014950175585379823 -0.0014935901218626813
2.5299999999999683 -0.0014957817882779133 -0.0014939706499512817
2.534999999999968 -0.0014966848580705882 -0.0014945028830396438
2.539999999999968 -0.0014977210013537852 -0.0014951676302385382
2.544999999999968 -0.0014988859378572792 -0.0014959589630558782
2.549999999999968 -0.0015001762779763372 -0.0014968791486214637
2.5549999999999677 -0.0015015887267170018 -0.0014979318308825829
2.5599999999999676 -0.001503119578363283 -0.0014991176424884534
2.5649999999999675 -0.0015047646203150615 -0.0015004332847970362
2.5699999999999674 -0.001264904377225191 -0.001501872924679442
2.5749999999999673 -0.0012867023912340883 -0.001488329219511041
2.579999999999967 -0.0013094631168863047 -0.0014370699004635239
2.584999999999967 -0.001333939667440919 -0.0013605023281674923
2.589999999999967 -0.0013622483064394712 -0.00129846147683183
2.594999999999967 -0.0013959197261480694 -0.0012776244940533403
2.599999999999967 -0.001434365986757819 -0.0012995013926262687
2.6049999999999667 -0.001475502541435706 -0.0013482169386666843
2.6099999999999666 -0.0015170627737826946 -0.0014044320055378577
2.6149999999999665 -0.001557547565217387 -0.0014553005183846268
2.6199999999999664 -0.0015964530545990198 -0.001497114414960832
2.6249999999999662 -0.0016339600801654481 -0.0015325184370857804
2.629999999999966 -0.0016704630029515716 -0.001566044060739625
2.634999999999966 -0.0017062301119710123 -0.001600859362621484
2.639999999999966 -0.0017412945936829316 -0.001637733482869165
2.644999999999966 -0.0017755195880058674 -0.0016756864023543048
2.6499999999999657 -0.0018087230268963607 -0.0017132202427222465
2.6549999999999656 -0.0018407719640691784 -0.0017492543587847974
2.6599999999999655 -0.0018716130154856647 -0.0017834369625519368
2.6649999999999654 -0.0019012525314479102 -0.0018159633423584722
2.6699999999999653 -0.0019297187838095912 -0.0018472140091793012
2.674999999999965 -0.00195703264503368 -0.0018774714100394834
2.679999999999965 -0.001983197042657181 -0.001906817235545325
2.684999999999965 -0.0020082016141013924 -0.0019351773725562172
2.689999999999965 -0.002032033206292114 -0.001962424490858945
2.6949999999999648 -0.0020546843070377184 -0.001988461382654117
2.6999999999999647 -0.00207615614966659 -0.002013252908214719
2.7049999999999645 -0.0020964573475860462 -0.002036814350554065
2.7099999999999644 -0.002115600721224827 -0.002059181779398387
2.7149999999999643 -0.0021336006497364164 -0.0020803871144123177
2.7199999999999642 -0.0021504719550958953 -0.00210044788307642
2.724999999999964 -0.0021662301129711007 -0.0021193698957340927
2.729999999999964 -0.0021808920275172934 -0.002137155553466648
2.734999999999964 -0.002194476678953849 -0.0021538110878466317
2.739999999999964 -0.0022070053303542003 -0.0021693496272650716
2.7449999999999637 -0.002218501338358636 -0.002183790450813701
2.7499999999999636 -0.0022289897847944566 -0.0021971564901257573
2.7549999999999635 -0.0022384971334421014 -0.002209472050739554
2.7599999999999634 -0.0022470510094095395 -0.0022207617113533576
2.7649999999999633 -0.00225468009345939 -0.0022310503419206247
2.769999999999963 -0.0022614140707881243 -0.0022403636599716216
2.774999999999963 -0.0022672835751497847 -0.002248728746753115
2.779999999999963 -0.0022723200993384316 -0.002256174229441264
2.784999999999963 -0.00227655587380017 -0.0022627301339092263
2.7899999999999627 -0.002280023731199823 -0.0022684275721276716
2.7949999999999626 -0.0022827569750337707 -0.0022732984347028245
2.7999999999999625 -0.0022835692666314774 -0.002277375179398105
2.8049999999999624 -0.0022837015994658823 -0.0022806144694841974
2.8099999999999623 -0.002283282573909285 -0.0022828515126955204
2.814999999999962 -0.002282353125461977 -0.0022839718022784044
2.819999999999962 -0.0022809648053555972 -0.0022840626863578654
2.824999999999962 -0.0022791775544600597 -0.0022833606488166704
2.829999999999962 -0.002277049204328047 -0.0022821226691634843
2.8349999999999618 -0.002274627318572928 -0.0022805300996188984
2.8399999999999617 -0.002271947576612659 -0.0022786636719764417
2.8449999999999616 -0.002269037253524922 -0.0022765331982062525
2.8499999999999615 -0.002265920202683247 -0.00227412470765206
2.8549999999999613 -0.0022626204691465 -0.0022714353240054475
2.8599999999999612 -0.0022591635367045777 -0.002268485208236748
2.864999999999961 -0.002255575763234972 -0.002265311674374728
2.869999999999961 -0.0022518831559910453 -0.002261956786067019
2.874999999999961 -0.002248110413616088 -0.002258457650275737
2.879999999999961 -0.002244280594485883 -0.002254843022422142
2.8849999999999607 -0.002240415292399823 -0.0022511350536360336
2.8899999999999606 -0.0022365350024879205 -0.0022473530028132974
2.8949999999999605 -0.002232659410145261 -0.0022435162119327783
2.8999999999999604 -0.0022288074951204483 -0.0022396452304187433
2.9049999999999603 -0.002224997482876901 -0.0022357613855428834
2.90999999999996 -0.0022212467360852046 -0.0022318857189628557
2.91499999999996 -0.002217571666702202 -0.0022280380986731446
2.91999999999996 -0.0022139877030901054 -0.0022242368600133276
2.92499999999996 -0.002210509304842029 -0.0022204989092519233
2.9299999999999597 -0.002207149998877957 -0.0022168400278987413
2.9349999999999596 -0.0022039224129745366 -0.0022132751381129276
2.9399999999999595 -0.0022008382959556273 -0.002209818419001396
2.9449999999999594 -0.002197908526091623 -0.0022064832878574774
2.9499999999999593 -0.002195143115158202 -0.0022032823209907296
2.954999999999959 -0.002192551215100252 -0.0022002271851520898
2.959999999999959 -0.0021901411305012327 -0.002197328613792664
2.964999999999959 -0.0021879203364651863 -0.002194596425625834
2.969999999999959 -0.0021858954996382173 -0.0021920395641809843
2.974999999999959 -0.0021840725001880472 -0.002189666137215504
2.9799999999999587 -0.0021824564536188176 -0.0021874834452390367
2.9849999999999586 -0.0021810517323563013 -0.0021854979992536323
2.9899999999999585 -0.002179861987616312 -0.0021837155336070562
2.9949999999999584 -0.002178890172107339 -0.002182141020068822
2.9999999999999583 -0.002178138563738056 -0.002180778686317752
3.004999999999958 -0.002177608790296008 -0.002179632038837101
3.009999999999958 -0.0021773018548110826 -0.002178703888433679
3.014999999999958 -0.0021772181613525705 -0.002177996376459403
3.019999999999958 -0.0021773575410740597 -0.0021775110006365013
3.0249999999999577 -0.0021777192784276636 -0.002177248640330193
3.0299999999999576 -0.0021783021375209803 -0.0021772095816607177
3.0349999999999575 -0.002179104388603048 -0.0021773935429135645
3.0399999999999574 -0.002180123834630998 -0.0021777997004814487
3.0449999999999573 -0.0021813578378536047 -0.0021784267152988755
3.049999999999957 -0.0021828033463447065 -0.0021792727595654005
3.054999999999957 -0.0021844569203947044 -0.002180335543529937
3.059999999999957 -0.002186314758697125 -0.0021816123421747337
3.064999999999957 -0.0021883727242763902 -0.002183100021720716
3.0699999999999568 -0.0021906263701031237 -0.002184795065929002
3.0749999999999567 -0.0021930709643506957 -0.0021866936021862856
3.0799999999999566 -0.0021957015152459067 -0.0021887914273473904
3.0849999999999564 -0.0021985127954773755 -0.00219108403328715
3.0899999999999563 -0.0022014993661029648 -0.002193566632101087
3.0949999999999562 -0.0022046555999384815 -0.0021962341808937826
3.099999999999956 -0.002207975704359468 -0.0021990814061015745
3.104999999999956 -0.002211453743519502 -0.002202102827306019
3.109999999999956 -0.0022150836599208186 -0.0022052927805020534
3.114999999999956 -0.0022188592953279783 -0.002208645440789397
3.1199999999999557 -0.0022227744110058195 -0.002212154844456908
3.1249999999999556 -0.002226822707235037 -0.002215814910430522
3.1299999999999555 -0.002230997842125817 -0.0022196194610573
3.1349999999999554 -0.0022352934496607493 -0.0022235622422005943
3.1399999999999553 -0.0022397031570062387 -0.0022276369426244697
3.144999999999955 -0.0022442206010571263 -0.002231837212647998
3.149999999999955 -0.0022488394441824502 -0.0022361566820544867
3.154999999999955 -0.0022535533892315877 -0.0022405889772434684
3.159999999999955 -0.002258356193712143 -0.002245127737614859
3.1649999999999547 -0.002263241683223367 -0.002249766631177712
3.1699999999999546 -0.0022682037640750826 -0.0022544993693778513
3.1749999999999545 -0.0022732364351489794 -0.0022593197211413073
3.1799999999999544 -0.0022783337989689275 -0.0022642215261329916
3.1849999999999543 -0.002283490072007745 -0.0022691987072321587
3.189999999999954 -0.0022886995942284563 -0.0022742452822279735
3.194999999999954 -0.002293956837893206 -0.002279355374739769
3.199999999999954 -0.0022992564156098525 -0.0022845232243695252
3.204999999999954 -0.0023045930876663327 -0.0022897431960964684
3.209999999999954 -0.002309961768659384 -0.002295009788923814
3.2149999999999537 -0.002315357533417204 -0.002300317643789385
3.2199999999999536 -0.002320775622247686 -0.002305661550754237
3.2249999999999535 -0.0023262114455338046 -0.0023110364554837317
3.2299999999999534 -0.0023316605876792977 -0.0023164374650367545
3.2349999999999532 -0.002337118810435662 -0.0023218598529806548
3.239999999999953 -0.0023425820556302536 -0.0023272990638500174
3.244999999999953 -0.002348046447310545 -0.0023327507169680376
3.249999999999953 -0.0023535082933312 -0.002338210609650348
3.254999999999953 -0.002358964086405502 -0.002343674719811674
3.2599999999999527 -0.0023644105046413022 -0.0023491392079963546
3.2649999999999526 -0.002369844411580656 -0.002354600418854524
3.2699999999999525 -0.0023752628557809834 -0.002360054882085812
3.2749999999999524 -0.002380663069934293 -0.0023654993128728137
3.2799999999999523 -0.002386042469576475 -0.0023709306118270363
3.284999999999952 -0.002391398651393198 -0.0023763458644698037
3.289999999999952 -0.002396729391133685 -0.002381742340271359
3.294999999999952 -0.0024020326411959684 -0.002387117491271061
3.299999999999952 -0.002407306527855611 -0.0023924689503011325
3.3049999999999518 -0.0024125493481959954 -0.002397794528837447
3.3099999999999516 -0.00241775956674752 -0.002403092214500052
3.3149999999999515 -0.002422935811860657 -0.0024083601682254757
3.3199999999999514 -0.0024280768718322404 -0.0024135967211331307
3.3249999999999513 -0.002433181690814448 -0.002418800371107767
3.329999999999951 -0.0024382493645048924 -0.0024239697791198565
3.334999999999951 -0.0024432791356714966 -0.002429103765305186
3.339999999999951 -0.0024482703895036995 -0.002434201304824111
3.344999999999951 -0.002453222648814569 -0.002439261523521374
3.349999999999951 -0.00245813556912393 -0.0024442836934066396
3.3549999999999507 -0.002463008933629928 -0.002449267227974474
3.3599999999999506 -0.002467842648091437 -0.0024542116773826755
3.3649999999999505 -0.002472636735630471 -0.0024591167235078243
3.3699999999999504 -0.002477391331479145 -0.002463982174896027
3.3749999999999503 -0.0024821066776904567 -0.0024688079616256298
3.37999999999995 -0.002486753984586655 -0.0024735941300986076
3.38499999999995 -0.0024912616854167575 -0.0024783390169507333
3.38999999999995 -0.002495729872535819 -0.002483031852783257
3.39499999999995 -0.00250016104612374 -0.0024876529363744445
3.3999999999999497 -0.0025045563969162267 -0.0024921908242748606
3.4049999999999496 -0.002508918131099189 -0.0024966530603964983
3.4099999999999495 -0.00251324942881963 -0.002501059273468837
3.4149999999999494 -0.0025175535974463602 -0.0025054293961606303
3.4199999999999493 -0.002521833337365037 -0.0025097759002531026
3.424999999999949 -0.002526090515246969 -0.002514102584660719
3.429999999999949 -0.002530326372174054 -0.002518407840974295
3.434999999999949 -0.002534541890804433 -0.0025226889073782155
3.439999999999949 -0.002538738081547734 -0.0025269446343567617
3.4449999999999488 -0.0025429160920420763 -0.0025311761052291422
3.4499999999999487 -0.0025470771732339975 -0.002535385798392517
3.4549999999999486 -0.0025512225902323475 -0.0025395763838720223
3.4599999999999485 -0.002555353552468567 -0.0025437499307550335
3.4649999999999483 -0.00255947119317864 -0.002547907744390893
3.4699999999999482 -0.0025635765889934475 -0.002552050638006094
3.474999999999948 -0.002567670793746046 -0.0025561793134756977
3.479999999999948 -0.0025717548644903607 -0.00256029461670517
3.484999999999948 -0.002575829870973614 -0.002564397599847043
3.489999999999948 -0.0025798968915610094 -0.002568489448194402
3.4949999999999477 -0.0025839570035697985 -0.002572571370108338
3.4999999999999476 -0.0025880112748696603 -0.002576644521888399
3.5049999999999475 -0.0025920607596001373 -0.0025807099893299856
3.5099999999999474 -0.002596106497332241 -0.0025847688093998786
3.5149999999999473 -0.002600149513481184 -0.002588822002681624
3.519999999999947 -0.002604190819040661 -0.0025928705948486987
3.524999999999947 -0.002608231408955807 -0.0025969156204664013
3.529999999999947 -0.0026122722594064405 -0.002600958114088988
3.534999999999947 -0.0026163143247825917 -0.002604999097632987
3.5399999999999467 -0.002620358534980992 -0.002609039570810801
3.5449999999999466 -0.0026244057932983595 -0.0026130805068726587
3.5499999999999465 -0.002628456974869862 -0.002617122852320362
3.5549999999999464 -0.002632512925435429 -0.002621167527962912
3.5599999999999463 -0.0026365744602435256 -0.0026252154292861997
3.564999999999946 -0.002640642363037675 -0.0026292674254496853
3.569999999999946 -0.002644717385081014 -0.0026333243573037476
3.574999999999946 -0.0026488002443334456 -0.002637387035221079
3.579999999999946 -0.002652891624769295 -0.002641456237359353
3.584999999999946 -0.0026569921758909636 -0.0026455327085664116
3.5899999999999457 -0.0026611025123967854 -0.002649617159806154
3.5949999999999456 -0.0026652232139756033 -0.002653710267855121
3.5999999999999455 -0.0026693548252248564 -0.0026578126750671834
3.6049999999999454 -0.0026734978556363902 -0.002661924989124715
3.6099999999999453 -0.0026776527796885967 -0.0026660477827971075
3.614999999999945 -0.002681820037004853 -0.002670181593768559
3.619999999999945 -0.002686000032610158 -0.002674326924585349
3.624999999999945 -0.002690193137251467 -0.00267848424273806
3.629999999999945 -0.002694399687802253 -0.0026826539808639032
3.6349999999999447 -0.002698619987738984 -0.0026868365370416258
3.6399999999999446 -0.0027028543076725517 -0.0026910322751560667
3.6449999999999445 -0.002707102885936134 -0.0026952415253213473
3.6499999999999444 -0.002711365929242412 -0.0026994645843602953
3.6549999999999443 -0.0027156436133703374 -0.002703701716342024
3.659999999999944 -0.0027199360839239802 -0.0027079531531794742
3.664999999999944 -0.002724243457107908 -0.002712219095285415
3.669999999999944 -0.0027285658205737874 -0.0027164997122824074
3.674999999999944 -0.0027329032342862354 -0.002720795143760928
3.6799999999999438 -0.002737255731419873 -0.002725105500081179
3.6849999999999437 -0.002741623319302828 -0.002729430863214403
3.6899999999999435 -0.0027460059803690253 -0.002733771287619606
3.6949999999999434 -0.0027504036731495164 -0.0027381268011529196
3.6999999999999433 -0.002754816333271687 -0.002742497406006744
3.7049999999999432 -0.0027592438744869327 -0.002746883079675542
3.709999999999943 -0.0027636861897016324 -0.0027512837759450393
3.714999999999943 -0.0027681431520215735 -0.002755699425901403
3.719999999999943 -0.0027726146158115485 -0.002760129938956512
3.724999999999943 -0.002777100417754331 -0.0027645752038858535
3.7299999999999427 -0.0027816003779048927 -0.0027690350898768074
3.7349999999999426 -0.002786114300756567 -0.0027735094475844126
3.7399999999999425 -0.0027906419762985636 -0.0027779981101910723
3.7449999999999424 -0.002795183181062631 -0.002782500894467732
3.7499999999999423 -0.0027997376791721084 -0.002787017601834107
3.754999999999942 -0.0028043052233702286 -0.002791548019415126
3.759999999999942 -0.0028088855560439094 -0.0027960919210911817
3.764999999999942 -0.0028134784102317816 -0.00280064906853982
3.769999999999942 -0.002818083510608843 -0.002805219212266848
3.7749999999999417 -0.002822700574463683 -0.002809802092624808
3.7799999999999416 -0.0028273293126525965 -0.002814397440816449
3.7849999999999415 -0.002831969430522769 -0.002819004979881723
3.7899999999999414 -0.0028366206288318076 -0.0028236244256665904
3.7949999999999413 -0.002841282604625838 -0.0028282554877716243
3.799999999999941 -0.0028459550521025435 -0.002832897870479299
3.804999999999941 -0.002850637663445742 -0.002837551273658581
3.809999999999941 -0.002855330129626809 -0.0028422153936454196
3.814999999999941 -0.0028600321411937075 -0.002846889924097801
3.8199999999999408 -0.0028647433890121466 -0.0028515745568243205
3.8249999999999407 -0.002869463564991054 -0.002856268982585789
3.8299999999999406 -0.0028741923627728294 -0.002860972891868763
3.8349999999999405 -0.002878929478388996 -0.002865685975630084
3.8399999999999403 -0.0028836746108977978 -0.0028704079260116707
3.8449999999999402 -0.0028884274629796492 -0.002875138437024991
3.84999999999994 -0.002893187741499157 -0.002879877205205458
3.85499999999994 -0.0028979551580467903 -0.002884623930236171
3.85999999999994 -0.002902729429439301 -0.002889378315540013
3.86499999999994 -0.002907510278194351 -0.00289414006884015
3.8699999999999397 -0.0029122974329697645 -0.0028989089026891066
3.8749999999999396 -0.0029170906289769675 -0.002903684534966402
3.8799999999999395 -0.002921889608350675 -0.0029084666893448895
3.8849999999999394 -0.002926694120509987 -0.0029132550957255763
3.8899999999999393 -0.0029315039224627475 -0.0029180494906409613
3.894999999999939 -0.0029363187791019074 -0.0029228496176274955
3.899999999999939 -0.002941138463462315 -0.002927655227567258
3.904999999999939 -0.0029459627569452564 -0.0029324660789994206
3.909999999999939 -0.0029507914495273393 -0.002937281938402057
3.9149999999999388 -0.0029556243399264178 -0.0029421025804445143
3.9199999999999386 -0.002960461235746775 -0.002946927788211083
3.9249999999999385 -0.0029653019536064777 -0.0029517573533960413
3.9299999999999384 -0.0029701463192229926 -0.002956591076470698
3.9349999999999383 -0.002974994167486363 -0.002961428766823793
3.939999999999938 -0.002979845342502295 -0.002966270242875775
3.944999999999938 -0.002984699697614597 -0.002971115332167477
3.949999999999938 -0.002989557095399816 -0.0029759638714240604
3.954999999999938 -0.0029944174076527654 -0.002980815706594776
3.959999999999938 -0.0029992805153301067 -0.002985670692869476
3.9649999999999377 -0.0030041463085009905 -0.0029905286946728033
3.9699999999999376 -0.0030090146862521935 -0.002995389585636786
3.9749999999999375 -0.0030138855565969434 -0.003000253248552986
3.9799999999999374 -0.0030187588363469087 -0.003005119575305057
3.9849999999999373 -0.003023634450988425 -0.0030099884667823067
3.989999999999937 -0.0030285123345278994 -0.003014859832775155
3.994999999999937 -0.003033392429324454 -0.0030197335918538963
3.999999999999937 -0.0030382746859191163 -0.0030246096712314664
4.004999999999937 -0.003043159062840005 -0.003029488006610672
4.009999999999937 -0.0030480455264059467 -0.0030343685420172054
4.014999999999937 -0.0030529340505057356 -0.003039251229619671
4.0199999999999365 -0.0030578246163834068 -0.003044136029537292
4.024999999999936 -0.003062717212404654 -0.0030490229096358195
4.029999999999936 -0.0030676118338173104 -0.0030539118453128903
4.034999999999936 -0.003072508482501894 -0.0030588028192740147
4.039999999999936 -0.0030774071667257273 -0.0030636958212996177
4.044999999999936 -0.0030823079008740575 -0.0030685908480040094
4.049999999999936 -0.0030872107051993195 -0.003073487902587287
4.054999999999936 -0.003092115605541406 -0.0030783869945810206
4.059999999999936 -0.003096634776366716 -0.003083288139588706
4.0649999999999356 -0.0030996656060311703 -0.003088167117977821
4.0699999999999354 -0.0031027254799366063 -0.003092868076463665
4.074999999999935 -0.0031058162214159936 -0.003097103620565627
4.079999999999935 -0.0031089463935242835 -0.0031007067572524564
4.084999999999935 -0.003112138110557086 -0.0031037864957535527
4.089999999999935 -0.00311542250506515 -0.003106623695951222
4.094999999999935 -0.0031188274188291157 -0.003109498822291375
4.099999999999935 -0.00312236909815448 -0.00311257949869136
4.104999999999935 -0.0031260514290821864 -0.0031159034942355806
4.109999999999935 -0.0031298704250510997 -0.0031194268377437405
4.1149999999999345 -0.0031338198292506125 -0.003123086678612548
4.119999999999934 -0.0031378948370515587 -0.0031268429212056286
4.124999999999934 -0.0031420931139924248 -0.0031306886473638873
4.129999999999934 -0.0031464139227619834 -0.003134638775019081
4.134999999999934 -0.0031508566974192465 -0.0031387126036424356
4.139999999999934 -0.0031554200493905107 -0.0031429217260614956
4.144999999999934 -0.0031601015215988034 -0.0031472669192798065
4.149999999999934 -0.0031648978902791363 -0.0031517415609471524
4.154999999999934 -0.0031698056316773584 -0.0031563370014857056
4.1599999999999335 -0.0031748212601258336 -0.003161046406450608
4.164999999999933 -0.0031799414378245253 -0.003165865893201208
4.169999999999933 -0.0031851629125294887 -0.003170793635486721
4.174999999999933 -0.0031904823976389393 -0.0031758282988573836
4.179999999999933 -0.0031958964853133986 -0.0031809678825915353
4.184999999999933 -0.0032014016257853072 -0.003186209359671986
4.189999999999933 -0.0032069941584085956 -0.0031915489386134884
4.194999999999933 -0.003212670360842323 -0.003196982545118783
4.199999999999933 -0.0032184264889065844 -0.0032025061943068913
4.204999999999933 -0.0032242587963579802 -0.0032081161256174258
4.2099999999999325 -0.0032301635383890394 -0.003213808745982403
4.214999999999932 -0.003236136968734799 -0.003219580500041416
4.219999999999932 -0.0032421753388021325 -0.003225427768317483
4.224999999999932 -0.003248274902270118 -0.00323134683504365
4.229999999999932 -0.0032544319242577583 -0.003237333914324607
4.234999999999932 -0.0032606426921091536 -0.003243385199682492
4.239999999999932 -0.0032669035252819918 -0.0032494969061367465
4.244999999999932 -0.003273210783181166 -0.0032556652913274847
4.249999999999932 -0.0032795608711817486 -0.0032618866583531527
4.2549999999999315 -0.0032859502456839803 -0.0032681573505831535
4.259999999999931 -0.0032923754189647754 -0.0032744737478619017
4.264999999999931 -0.003298832964196987 -0.003280832268445908
4.269999999999931 -0.0033053195205814075 -0.0032872293760940535
4.274999999999931 -0.0033118317983407658 -0.00329366158930422
4.279999999999931 -0.003318366583355198 -0.0033001254898241228
4.284999999999931 -0.0033249207413113303 -0.0033066177290442217
4.289999999999931 -0.003331491221392915 -0.0033131350323781826
4.294999999999931 -0.0033380750595773446 -0.0033196742025107242
4.2999999999999305 -0.0033446693816301873 -0.0033262321223901897
4.30499999999993 -0.003351271405821078 -0.0033328057584147007
4.30999999999993 -0.0033578784453823663 -0.003339392163807382
4.31499999999993 -0.003364487910690029 -0.00334598848193078
4.31999999999993 -0.0033710973111485054 -0.0033525919492807745
4.32499999999993 -0.003377704256777622 -0.0033591998980251575
4.32999999999993 -0.0033843064595247335 -0.003365809758089457
4.33499999999993 -0.0033909017342844783 -0.0033724190588712137
4.33999999999993 -0.0033974879996716933 -0.003379025430671618
4.34499999999993 -0.0034040632785407535 -0.0033856266058971338
4.3499999999999295 -0.003410625698273022 -0.003392220420042142
4.354999999999929 -0.0034171734908225973 -0.003398804812439854
4.359999999999929 -0.0034237049925532033 -0.003405377826765622
4.364999999999929 -0.0034302186438433884 -0.0034119376112871683
4.369999999999929 -0.003436712988493984 -0.003418482418869288
4.374999999999929 -0.0034431866729378747 -0.003425010606747919
4.379999999999929 -0.0034496384452591573 -0.0034315206360900105
4.384999999999929 -0.0034560671540362544 -0.003438011071353209
4.389999999999929 -0.003462471747013663 -0.0034444805794552617
4.3949999999999285 -0.0034688512696188093 -0.003450927928760329
4.399999999999928 -0.003475204863331123 -0.0034573519878890496
4.404999999999928 -0.003481531763896537 -0.003463751724360784
4.409999999999928 -0.003487831299427542 -0.003470126203077258
4.414999999999928 -0.003494102888365231 -0.0034764745846568505
4.419999999999928 -0.0035003460373379076 -0.0034827961236293635
4.424999999999928 -0.003506560338911003 -0.003489090166500864
4.429999999999928 -0.0035127454692358397 -0.0034953561496979353
4.434999999999928 -0.00351890118561914 -0.003501593597400177
4.439999999999928 -0.003525027324008548 -0.003507802119269216
4.4449999999999275 -0.0035311237964032157 -0.0035139814080830042
4.449999999999927 -0.003537190588212196 -0.003520131237283918
4.454999999999927 -0.003543227755545221 -0.003526251458448938
4.459999999999927 -0.003549235422463865 -0.003532341998690447
4.464999999999927 -0.0035552137781902256 -0.003538402857995562
4.469999999999927 -0.003561163074286541 -0.0035444341065117204
4.474999999999927 -0.0035670836217991573 -0.0035504358817865307
4.479999999999927 -0.0035729757884008927 -0.0035564083859693104
4.484999999999927 -0.0035788399954977145 -0.003562351882981412
4.4899999999999265 -0.0035846767153612127 -0.0035682666956623112
4.494999999999926 -0.00359048646822757 -0.003574153202898353
4.499999999999926 -0.00359626981942753 -0.0035800118367411734
4.504999999999926 -0.0036020273765193025 -0.003585843079521623
4.509999999999926 -0.003607759786442915 -0.0035916474609651535
4.514999999999926 -0.003613467732689923 -0.0035974255553152586
4.519999999999926 -0.00361915193250794 -0.0036031779784705827
4.524999999999926 -0.003624813134141096 -0.003608905385140535
4.529999999999926 -0.0036304521140939367 -0.0036146084660247614
4.5349999999999255 -0.003636069674453103 -0.003620287945021754
4.539999999999925 -0.0036416666402420686 -0.003625944576470961
4.544999999999925 -0.003647243856833267 -0.0036315791424329346
4.549999999999925 -0.0036528021874011906 -0.0036371924500118633
4.554999999999925 -0.003658342510451928 -0.003642785328724045
4.559999999999925 -0.003663865717389352 -0.0036483586279160173
4.564999999999925 -0.0036693727101540334 -0.0036539132142364376
4.569999999999925 -0.0036748643989275853 -0.00365944996916453
4.574999999999925 -0.003680341699905231 -0.0036649697865976166
4.579999999999925 -0.003685805533121398 -0.0036704735705012483
4.5849999999999245 -0.0036912568203705284 -0.0036759622326244306
4.589999999999924 -0.0036966964831830983 -0.0036814366902816037
4.594999999999924 -0.0037021254408751082 -0.0036868978642040176
4.599999999999924 -0.003707544608685453 -0.003692346676462337
4.604999999999924 -0.0037129548959766697 -0.0036977840484615746
4.609999999999924 -0.003718357204523824 -0.0037032108990101933
4.614999999999924 -0.0037237524268670555 -0.003708628142464996
4.619999999999924 -0.0037291414447591206 -0.003714036686952627
4.624999999999924 -0.0037345251276794315 -0.0037194374326681716
4.6299999999999235 -0.0037399043314299114 -0.003724831270251749
4.634999999999923 -0.003745279896815405 -0.003730219079243582
4.639999999999923 -0.003750652648392978 -0.0037356017266177346
4.644999999999923 -0.0037560233933126384 -0.003740980065394858
4.649999999999923 -0.0037613929202191315 -0.0037463549333340406
4.654999999999923 -0.003766761998248161 -0.0037517271517035094
4.659999999999923 -0.0037721313760913085 -0.0037570975241294885
4.664999999999923 -0.0037775017811287844 -0.0037624668355230742
4.669999999999923 -0.0037828739186586934 -0.0037678358510844375
4.6749999999999226 -0.0037882484711783946 -0.003773205315383287
4.6799999999999224 -0.0037936260977512147 -0.0037785759515153953
4.684999999999922 -0.0037990074334364973 -0.0037839484603341862
4.689999999999922 -0.003804393088797682 -0.0037893235197557287
4.694999999999922 -0.0038097836494755725 -0.003794701784135804
4.699999999999922 -0.003815179675824479 -0.0038000838837181873
4.704999999999922 -0.003820581702617393 -0.0038054704241529463
4.709999999999922 -0.003825990238817992 -0.0038108619860827554
4.714999999999922 -0.0038314057674090486 -0.003816259124795617
4.719999999999922 -0.0038368287452819065 -0.003821662369942816
4.7249999999999215 -0.003842259603185881 -0.003827072225320318
4.729999999999921 -0.003847698745732915 -0.003832489168711498
4.734999999999921 -0.003853146551454765 -0.0038379136517893665
4.739999999999921 -0.0038586033729176208 -0.0038433461000764303
4.744999999999921 -0.0038640695368805365 -0.0038487869129603556
4.749999999999921 -0.0038695453445056994 -0.0038542364637636824
4.754999999999921 -0.0038750310716096233 -0.003859695099865444
4.759999999999921 -0.003880526968968593 -0.0038651631428721993
4.764999999999921 -0.003886033262654377 -0.0038706408888363967
4.7699999999999205 -0.0038915501544190914 -0.003876128608520445
4.77499999999992 -0.0038970778221031972 -0.0038816265477045445
4.77999999999992 -0.0039026164201021027 -0.003887134927535663
4.78499999999992 -0.003908166079837238 -0.0038926539449153546
4.78999999999992 -0.003913726910286291 -0.003898183772924601
4.79499999999992 -0.003919298998520236 -0.0039037245612834628
4.79999999999992 -0.003924882410277436 -0.003909276436843614
4.80499999999992 -0.003930477190564728 -0.003914839504111427
4.80999999999992 -0.003936083364271787 -0.00392041384579931
4.81499999999992 -0.003941700936815117 -0.003925999523403506
4.8199999999999195 -0.00394732989479616 -0.003931596577806091
4.824999999999919 -0.003952970206677063 -0.003937205029899163
4.829999999999919 -0.003958621823471191 -0.003942824881229359
4.834999999999919 -0.003964284679440168 -0.003948456114660642
4.839999999999919 -0.003969958692821275 -0.003954098695052976
4.844999999999919 -0.0039756437665363345 -0.003959752569955117
4.849999999999919 -0.003981339788928614 -0.003965417670310277
4.854999999999919 -0.0039870466344997845 -0.003971093911172198
4.859999999999919 -0.003992764164648923 -0.003976781192429733
4.8649999999999185 -0.003998492228407825 -0.0039824793995387525
4.869999999999918 -0.004004230663195712 -0.003988188404259168
4.874999999999918 -0.00400997929555299 -0.0039939080653951485
4.879999999999918 -0.004015737941879669 -0.0039996382295376404
4.884999999999918 -0.004021506409179249 -0.004005378731807308
4.889999999999918 -0.004027261099261299 -0.0040111293965960845
4.894999999999918 -0.004032932992812049 -0.004016888576023851
4.899999999999918 -0.004038610002714933 -0.004022646528693987
4.904999999999918 -0.004044292995450794 -0.004028384985771268
4.9099999999999175 -0.004049982215603166 -0.004034092160343803
4.914999999999917 -0.0040556786587159326 -0.004039772710628863
4.919999999999917 -0.004061383997696634 -0.004045442186481597
4.924999999999917 -0.004067099937283543 -0.0040511168883516375
4.929999999999917 -0.004072827676836757 -0.004056806916734272
4.934999999999917 -0.004078567758228894 -0.0040625148313523035
4.939999999999917 -0.004084320235139991 -0.004068238309420944
4.944999999999917 -0.004090084955690131 -0.004073973833772668
4.949999999999917 -0.004095861780172988 -0.004079719201041774
4.954999999999917 -0.004101650663652623 -0.004085474178036414
4.9599999999999165 -0.004107451629135945 -0.004091239832400999
4.964999999999916 -0.004113264698221476 -0.004097017474983517
4.969999999999916 -0.00411908983617199 -0.004102807920029802
4.974999999999916 -0.0041249269350728274 -0.004108611294365573
4.979999999999916 -0.004130775828751179 -0.004114427250431972
4.984999999999916 -0.004136636319866864 -0.004120255301849857
4.989999999999916 -0.00414250820200135 -0.004126095064108409
4.994999999999916 -0.004148391269423305 -0.004131946326095593
4.999999999999916 -0.004154285316350279 -0.004137808994417433
5.0049999999999155 -0.004160190131651104 -0.004143682996286189
5.009999999999915 -0.004166105494397864 -0.004149568208748132
5.014999999999915 -0.004172031172659869 -0.0041554644385888555
5.019999999999915 -0.0041779669251512525 -0.004161371441169608
5.024999999999915 -0.004183912504041999 -0.004167288952263682
5.029999999999915 -0.004189867657341784 -0.004173216711934855
5.034999999999915 -0.004195832130162176 -0.004179154472647268
5.039999999999915 -0.004201805664990178 -0.004185101994982118
5.044999999999915 -0.004207788001542911 -0.004191059038903227
5.049999999999915 -0.004213778876694171 -0.004197025357145419
5.0549999999999145 -0.004219778024729862 -0.004203000693307718
5.059999999999914 -0.004225785177905654 -0.0042089847837509025
5.064999999999914 -0.004231800067157973 -0.004214977360916405
5.069999999999914 -0.0042378224227947285 -0.004220978156042193
5.074999999999914 -0.004243851975114892 -0.004226986900452931
5.079999999999914 -0.004249888454922075 -0.004233003325676422
5.084999999999914 -0.004255931594018225 -0.004239027163110565
5.089999999999914 -0.004261981125689512 -0.004245058143868344
5.094999999999914 -0.004268036785210073 -0.004251095999064084
5.0999999999999135 -0.0042740983103660545 -0.004257140460469592
5.104999999999913 -0.0042801654419814174 -0.004263191261315263
5.109999999999913 -0.004286237924414982 -0.004269248137035839
5.114999999999913 -0.004292315506037347 -0.004275310825871223
5.119999999999913 -0.004298397939681474 -0.004281379069336432
5.124999999999913 -0.004304484983046298 -0.00428745261262496
5.129999999999913 -0.004310576399104169 -0.004293531205004527
5.134999999999913 -0.004316671956466255 -0.00429961460023072
5.139999999999913 -0.004322771429728308 -0.004305702556973407
5.1449999999999125 -0.004328874599804664 -0.004311794839234837
5.149999999999912 -0.004334981254223645 -0.004317891216739524
5.154999999999912 -0.004341091187404749 -0.004323991465287237
5.159999999999912 -0.004347204200909093 -0.0043300953670700835
5.164999999999912 -0.004353320103664604 -0.004336202710959619
5.169999999999912 -0.004359438712170338 -0.004342313292770103
5.174999999999912 -0.004365559850673571 -0.004348426915501156
5.179999999999912 -0.004371683351325836 -0.004354543389560038
5.184999999999912 -0.004377809054322671 -0.004360662532961871
5.189999999999912 -0.0043839368080139055 -0.0043667841715065055
5.1949999999999115 -0.004390066468992557 -0.004372908138932051
5.199999999999911 -0.004396197902173074 -0.00437903427704529
5.204999999999911 -0.004402330980838308 -0.004385162435829717
5.209999999999911 -0.0044084655866700965 -0.004391292473532752
5.214999999999911 -0.0044146016097659155 -0.0043974242567328195
5.219999999999911 -0.004420738948632191 -0.004403557660386575
5.224999999999911 -0.0044268775101577625 -0.004409692567857064
5.229999999999911 -0.004433017209584254 -0.0044158288709231315
5.234999999999911 -0.004439157970435039 -0.004421966469770663
5.2399999999999105 -0.004445299724454954 -0.0044281052729663916
5.24499999999991 -0.00445144241151754 -0.004434245197414382
5.24999999999991 -0.0044575859795257305 -0.004440386168296112
5.25499999999991 -0.004463730384292274 -0.004446528118995221
5.25999999999991 -0.004469875589417957 -0.004452670991007252
5.26499999999991 -0.004476021566145549 -0.0044588147338350355
5.26999999999991 -0.004482168293208423 -0.004464959304870696
5.27499999999991 -0.004488315756668875 -0.004471104669264742
5.27999999999991 -0.004494463949742931 -0.004477250799782772
5.2849999999999095 -0.004500612872618947 -0.0044833976766507095
5.289999999999909 -0.004506762532264114 -0.004489545287389352
5.294999999999909 -0.0045129129422246395 -0.004495693626638903
5.299999999999909 -0.004519064122420061 -0.004501842695974055
5.304999999999909 -0.004525216098926722 -0.004507992503710326
5.309999999999909 -0.004531368903759439 -0.004514143064702483
5.314999999999909 -0.004537522574647624 -0.004520294400135675
5.319999999999909 -0.004543677154800848 -0.0045264465373101356
5.324999999999909 -0.004549832692678875 -0.004532599509420141
5.329999999999909 -0.00455598924174752 -0.00453875335532759
5.3349999999999085 -0.004562146860249758 -0.004544908119330687
5.339999999999908 -0.00456830561094958 -0.0045510638509286975
5.344999999999908 -0.004574465560901173 -0.0045572206045837544
5.349999999999908 -0.0045806267811894065 -0.004563378439480129
5.354999999999908 -0.004586789346699202 -0.004569537419281315
5.359999999999908 -0.004592953335857951 -0.00457569761188547
5.364999999999908 -0.004599118830397266 -0.004581859089180102
5.369999999999908 -0.004605285915109601 -0.004588021926796409
5.374999999999908 -0.004611454677599273 -0.004594186203863888
5.3799999999999075 -0.004617625208051434 -0.0046003520027657245
5.384999999999907 -0.004623797598989022 -0.0046065194088951555
5.389999999999907 -0.00462997194504043 -0.004612688510413685
5.394999999999907 -0.004636148342706374 -0.00461885939801169
5.399999999999907 -0.004642326890136312 -0.004625032164671535
5.404999999999907 -0.004648507686904496 -0.004631206905433689
5.409999999999907 -0.00465469083378671 -0.004637383717166583
5.414999999999907 -0.004660876432551931 -0.004643562698340368
5.419999999999907 -0.004667064585751232 -0.004649743948804479
5.424999999999907 -0.004673255396517961 -0.004655927569569702
5.4299999999999065 -0.004679448968365291 -0.004662113662595491
5.434999999999906 -0.004685645404998243 -0.004668302330582743
5.439999999999906 -0.004691844810128941 -0.00467449367677189
5.444999999999906 -0.0046980472872943935 -0.004680687804746664
5.449999999999906 -0.004704252939688946 -0.004686884818243898
5.454999999999906 -0.004710461869991982 -0.004693084820969527
5.459999999999906 -0.004716674180218185 -0.004699287916420922
5.464999999999906 -0.004722889971560294 -0.004705494207715809
5.469999999999906 -0.004729109344245299 -0.00471170379742834
5.4749999999999055 -0.004735332397395333 -0.0047179167874322235
5.479999999999905 -0.004741559228905508 -0.004724133278750457
5.484999999999905 -0.004747789935313234 -0.004730353371412088
5.489999999999905 -0.00475402461168534 -0.004736577164316664
5.494999999999905 -0.00476026335151548 -0.004742804755105944
5.499999999999905 -0.0047665062466181185 -0.004749036240042876
5.504999999999905 -0.004772753387035374 -0.004755271713898321
5.509999999999905 -0.004779004860957626 -0.004761511269845001
5.514999999999905 -0.004785260754640444 -0.00476775499935856
5.5199999999999045 -0.004791521152335087 -0.004774002992126298
5.524999999999904 -0.004797786136229895 -0.004780255335963405
5.529999999999904 -0.004804055786385873 -0.004786512116736689
5.534999999999904 -0.004810330180694383 -0.00479277341829577
5.539999999999904 -0.004816609394834043 -0.00479903932241124
5.544999999999904 -0.004822893502231409 -0.004805309908719943
5.549999999999904 -0.00482918257404075 -0.004811585254677416
5.554999999999904 -0.0048354766791145285 -0.004817865435517293
5.559999999999904 -0.0048417758839915705 -0.004824150524217809
5.564999999999904 -0.004848080252891116 -0.00483044059147491
5.5699999999999035 -0.004854389847704848 -0.004836735705681905
5.574999999999903 -0.004860704728003558 -0.004843035932915787
5.579999999999903 -0.004867024951045933 -0.004849341336929728
5.584999999999903 -0.00487335057179634 -0.004855651979151599
5.589999999999903 -0.004879681642937566 -0.004861967918688744
5.594999999999903 -0.00488601821490612 -0.00486828921233864
5.599999999999903 -0.004892360335918307 -0.004874615914604938
5.604999999999903 -0.004898708052002471 -0.0048809480777191406
5.609999999999903 -0.004905061407048217 -0.004887285751667515
5.6149999999999025 -0.004911420442845569 -0.004893628984222783
5.619999999999902 -0.004917785199134076 -0.0048999778209809965
5.624999999999902 -0.00492415571365817 -0.004906332305403201
5.629999999999902 -0.004930532022227755 -0.004912692478861254
5.634999999999902 -0.00493691415876965 -0.004919058380688062
5.639999999999902 -0.004943302155402195 -0.004925430048232016
5.644999999999902 -0.0049496960424933205 -0.004931807516914945
5.649999999999902 -0.00495609584874364 -0.0049381908202934845
5.654999999999902 -0.004962501601246818 -0.004944579990124078
5.6599999999999016 -0.004968913325572744 -0.004950975056431565
5.6649999999999014 -0.0049753310458453 -0.004957376047580524
5.669999999999901 -0.004981754784823049 -0.004963782990349094
5.674999999999901 -0.004988184563978155 -0.004970195910005572
5.679999999999901 -0.004994620403586644 -0.004976614830387362
5.684999999999901 -0.005001062322808887 -0.004983039773981909
5.689999999999901 -0.005007510339780508 -0.0049894707620096205
5.694999999999901 -0.005013964471700941 -0.00499590781450855
5.699999999999901 -0.005020424734917712 -0.0050023509504207265
5.704999999999901 -0.005026891145024419 -0.005008800187679807
5.7099999999999005 -0.005033363716947623 -0.005015255543299634
5.7149999999999 -0.005039842465035571 -0.00502171703346398
5.7199999999999 -0.005046327403156701 -0.005028184673617127
5.7249999999999 -0.005052818544785972 -0.005034658478554823
5.7299999999999 -0.005059315903099513 -0.005041138462515842
5.7349999999999 -0.005065819491060303 -0.005047624639273907
5.7399999999999 -0.00507232932152131 -0.005054117022229348
5.7449999999999 -0.005078845407305797 -0.0050606156245005885
5.7499999999999 -0.005085367761300701 -0.005067120459015961
5.7549999999998995 -0.005091896396549037 -0.005073631538605214
5.759999999999899 -0.005098431326334071 -0.005080148876090255
5.764999999999899 -0.005104972564270051 -0.005086672484375305
5.769999999999899 -0.00511152012438927 -0.005093202376536212
5.774999999999899 -0.005118074021224035 -0.005099738565908931
5.779999999999899 -0.005124634269895519 -0.00510628106617713
5.784999999999899 -0.005131200886190785 -0.00511282989145861
5.789999999999899 -0.005137773886655136 -0.005119385056390456
5.794999999999899 -0.005144353288657185 -0.005125946576213102
5.799999999999899 -0.005150939110479441 -0.005132514466853276
5.8049999999998985 -0.00515753137138821 -0.005139088745005151
5.809999999999898 -0.005164130091711835 -0.005145669428209776
5.814999999999898 -0.005170735292915978 -0.005152256534933022
5.819999999999898 -0.005177346997667062 -0.005158850084642147
5.824999999999898 -0.005183965229911744 -0.005165450097880747
5.829999999999898 -0.0051905900149387275 -0.00517205659634163
5.834999999999898 -0.005197221379446442 -0.005178669602937945
5.839999999999898 -0.005203859351607918 -0.005185289141872595
5.844999999999898 -0.005210503961131284 -0.005191915238705747
5.8499999999998975 -0.0052171552393225394 -0.00519854792042046
5.854999999999897 -0.005223813219143032 -0.00520518721548645
5.859999999999897 -0.005230477935264481 -0.005211833153922086
5.864999999999897 -0.005237149424125292 -0.005218485767354506
5.869999999999897 -0.005243827723982666 -0.0052251450890776156
5.874999999999897 -0.005250512874965182 -0.005231811154108104
5.879999999999897 -0.005257204919121965 -0.005238483999239706
5.884999999999897 -0.005263903900464676 -0.005245163663095918
5.889999999999897 -0.005270609865023775 -0.005251850186180792
5.8949999999998965 -0.0052761809424319885 -0.005258543610927709
5.899999999999896 -0.005280047837711954 -0.005265172611843436
5.904999999999896 -0.005283956743059377 -0.005271445611759742
5.909999999999896 -0.005287911199908518 -0.005276946593543646
5.914999999999896 -0.005291924482503421 -0.005281505562659518
5.919999999999896 -0.0052960250988062065 -0.005285347252952548
5.924999999999896 -0.0053002494462286165 -0.0052889037306966084
5.929999999999896 -0.005304628345784707 -0.005292565870070389
5.934999999999896 -0.00530917913972641 -0.005296540977992425
5.939999999999896 -0.005313906069826364 -0.005300849851154339
5.9449999999998955 -0.00531880581888156 -0.005305409019552765
5.949999999999895 -0.005323873627198646 -0.0053101235858054995
5.954999999999895 -0.005329106964300652 -0.0053149423361005
5.959999999999895 -0.005334506168443555 -0.005319865769998496
5.964999999999895 -0.005340073155138851 -0.00532492442044385
5.969999999999895 -0.005345809723447686 -0.00533015147635561
5.974999999999895 -0.005351716492901079 -0.0053355657922253275
5.979999999999895 -0.0053577927292545215 -0.005341169123568709
5.984999999999895 -0.00536403676295819 -0.005346952731770592
5.9899999999998945 -0.005370446542183923 -0.0053529060325838195
5.994999999999894 -0.005377019997352347 -0.005359022176345577
5.999999999999894 -0.005383755128344237 -0.005365299193968251
6.004999999999894 -0.005390649900160874 -0.005371738110480725
6.009999999999894 -0.005397702088511709 -0.005378340292510829
6.014999999999894 -0.00540490917873627 -0.005385105671909602
6.019999999999894 -0.0054122683496830165 -0.005392032335340055
6.024999999999894 -0.005419776518628839 -0.005399117085280102
6.029999999999894 -0.005427430404038832 -0.005406356276094307
6.034999999999894 -0.005435226573312098 -0.005413746400706084
6.0399999999998935 -0.005443161464531556 -0.005421284256284005
6.044999999999893 -0.005451231388782482 -0.005428966798883288
6.049999999999893 -0.005459432526225329 -0.005436790900808069
6.054999999999893 -0.005467760926278154 -0.005444753177990877
6.059999999999893 -0.005476212515669759 -0.005452849946799842
6.064999999999893 -0.005484783112524915 -0.0054610772801905435
6.069999999999893 -0.005493468442483135 -0.005469431097708955
6.074999999999893 -0.0055022641534870935 -0.005477907236053729
6.079999999999893 -0.005511165827997501 -0.005486501479803644
6.0849999999998925 -0.0055201689930531725 -0.005495209560310091
6.089999999999892 -0.0055292691294020185 -0.005504027142737071
6.094999999999892 -0.005538461680729533 -0.005512949818158912
6.099999999999892 -0.005547742063394472 -0.00552197310762389
6.104999999999892 -0.0055571056765542255 -0.00553109247610203
6.109999999999892 -0.005566547912279064 -0.005540303350210327
6.114999999999892 -0.005576064165343521 -0.005549601134334853
6.119999999999892 -0.005585649842517033 -0.005558981222802787
6.124999999999892 -0.005595300371386471 -0.00556843900860088
6.1299999999998915 -0.0056050112088226875 -0.0055779698904822855
6.134999999999891 -0.005614777849161716 -0.005587569280152481
6.139999999999891 -0.0056245958321780075 -0.005597232610309343
6.144999999999891 -0.005634460750804695 -0.005606955343415956
6.149999999999891 -0.0056443682585827605 -0.005616732980638809
6.154999999999891 -0.005654314076795259 -0.00562656107040823
6.159999999999891 -0.00566429400126472 -0.0056364352163343345
6.164999999999891 -0.005674303908825428 -0.00564635108449503
6.169999999999891 -0.005684339763450927 -0.005656304410261483
6.174999999999891 -0.0056943976220825785 -0.005666291004827223
6.1799999999998905 -0.0057044736401249095 -0.005676306761524486
6.18499999999989 -0.005714564076641673 -0.0056863476619234835
6.18999999999989 -0.0057246652992233756 -0.005696409781662189
6.19499999999989 -0.005734773788539652 -0.0057064892959525736
6.19999999999989 -0.005744886142568 -0.005716582484734504
6.20499999999989 -0.005754999080510259 -0.0057266857374766765
6.20999999999989 -0.005765109446384761 -0.005736795557640891
6.21499999999989 -0.0057752142123193295 -0.005746908566828154
6.21999999999989 -0.005785310481522409 -0.005757021508618181
6.2249999999998895 -0.005795395490965669 -0.0057671312521055595
6.229999999999889 -0.005805466613762963 -0.00577723479513083
6.234999999999889 -0.005815521361247744 -0.00578732926720521
6.239999999999889 -0.005825557384776462 -0.005797411932130144
6.244999999999889 -0.005835572477240262 -0.005807480190315538
6.249999999999889 -0.005845564574293251 -0.0058175315808035605
6.254999999999889 -0.005855531755329602 -0.005827563783004979
6.259999999999889 -0.005865472244179908 -0.005837574618154388
6.264999999999889 -0.00587538440955799 -0.005847562050491286
6.2699999999998886 -0.005885266765261936 -0.005857524188173125
6.2749999999998884 -0.0058951179701310745 -0.0058674592839263896
6.279999999999888 -0.005904936827770491 -0.005877365735442931
6.284999999999888 -0.005914722286051925 -0.00588724208552915
6.289999999999888 -0.005924473436396977 -0.005897087022015813
6.294999999999888 -0.005934189512855409 -0.005906899377436611
6.299999999999888 -0.005943869890982368 -0.00591667812848379
6.304999999999888 -0.005953514086530696 -0.005926422395249512
6.309999999999888 -0.005963121753954023 -0.005936131440261789
6.314999999999888 -0.005972692684749871 -0.00594580466732384
6.3199999999998875 -0.005982226805635017 -0.005955441620165607
6.324999999999887 -0.005991724176567626 -0.005965041980916894
6.329999999999887 -0.006001184988629189 -0.005974605568411586
6.334999999999887 -0.006010609561776917 -0.005984132336331965
6.339999999999887 -0.006019998342466899 -0.0059936223712027505
6.344999999999887 -0.006029351901166758 -0.006003075890244856
6.349999999999887 -0.006038670929767281 -0.006012493239098397
6.354999999999887 -0.006047956238892546 -0.006021874889424514
6.359999999999887 -0.006057208755142962 -0.006031221436395732
6.3649999999998865 -0.0060664295182384035 -0.006040533596084894
6.369999999999886 -0.006075619678121715 -0.006049812202762673
6.374999999999886 -0.006084780491994127 -0.006059058206112853
6.379999999999886 -0.0060939133213069345 -0.006068272668375303
6.384999999999886 -0.0061030196287265035 -0.006077456761426658
6.389999999999886 -0.006112100975056788 -0.006086611763808455
6.394999999999886 -0.006121159016167401 -0.006095739057712378
6.399999999999886 -0.0061301954998962465 -0.006104840125932019
6.404999999999886 -0.006139212262961585 -0.0061139165487910764
6.409999999999886 -0.006148211227893901 -0.006122970001057213
6.4149999999998855 -0.00615719439997678 -0.006132002248850902
6.419999999999885 -0.006166163864224827 -0.006141015146559263
6.424999999999885 -0.006175121782399438 -0.006150010633764031
6.429999999999885 -0.006184070390073922 -0.00615899073219248
6.434999999999885 -0.006193011993756823 -0.006167957542700417
6.439999999999885 -0.006201948968082962 -0.006176913242296537
6.444999999999885 -0.0062108837530710165 -0.00618586008121753
6.449999999999885 -0.006219818851477058 -0.006194800380062705
6.454999999999885 -0.006228756826232597 -0.006203736526996456
6.4599999999998845 -0.006237700297990013 -0.006212670975027478
6.464999999999884 -0.006246651942769098 -0.006221606239373904
6.469999999999884 -0.0062556144897302195 -0.006230544894922998
6.474999999999884 -0.006264590719069328 -0.006239489573793669
6.479999999999884 -0.0062735834600519775 -0.006248442963010253
6.484999999999884 -0.006282595589189431 -0.006257407802296315
6.489999999999884 -0.006291630028564605 -0.0062663868819972145
6.494999999999884 -0.006300689744325758 -0.0062753830411398865
6.499999999999884 -0.0063097777453442975 -0.006284399165638169
6.5049999999998835 -0.006318897082052765 -0.006293438186652447
6.509999999999883 -0.006328050845471208 -0.006302503079112232
6.514999999999883 -0.006337242166429101 -0.006311596860410203
6.519999999999883 -0.00634647421499349 -0.006320722589276533
6.524999999999883 -0.0063557502001144635 -0.006329883364842466
6.529999999999883 -0.006365073369490551 -0.006339082325902407
6.534999999999883 -0.006374447009674652 -0.0063483226503838605
6.539999999999883 -0.006383874446420316 -0.006357607555034519
6.544999999999883 -0.0063933590452911 -0.006366940295336158
6.549999999999883 -0.006402904212525272 -0.006376324165655576
6.5549999999998825 -0.0064125133961938485 -0.00638576249964296
6.559999999999882 -0.0064221900876347306 -0.00639525867088829
6.564999999999882 -0.006431937823287699 -0.006404816093847039
6.569999999999882 -0.006441760187469997 -0.006414438225052138
6.574999999999882 -0.00645166081228229 -0.006424128564677741
6.579999999999882 -0.00646164338287613 -0.006433890658380156
6.584999999999882 -0.006471711639726874 -0.006443728099300448
6.589999999999882 -0.006481869382107264 -0.006453644530416725
6.594999999999882 -0.006492120471979231 -0.006463643647385163
6.5999999999998815 -0.006502468838292841 -0.006473729201799049
6.604999999999881 -0.006512918481731029 -0.006483905004814901
6.609999999999881 -0.006523473479916525 -0.006494174931136456
6.614999999999881 -0.006534137993094254 -0.006504542923384051
6.619999999999881 -0.006544916270333593 -0.006515012996894097
6.624999999999881 -0.00655581265626946 -0.006525589244991467
6.629999999999881 -0.006566831598415796 -0.006536275844767941
6.634999999999881 -0.006577977655080433 -0.006547077063391278
6.639999999999881 -0.00658925550392623 -0.006557997264966109
6.644999999999881 -0.0066006699512147745 -0.0065690409179707246
6.6499999999998805 -0.006612225941757533 -0.006580212603300874
6.65499999999988 -0.006623928569653009 -0.006591517022957911
6.65999999999988 -0.006635783089826464 -0.006602959009422711
6.66499999999988 -0.0066477949304479525 -0.006614543535760532
6.66999999999988 -0.006659969706287 -0.006626275726504312
6.67499999999988 -0.0066723132330497 -0.006638160869367111
6.67999999999988 -0.006684831542791247 -0.00665020442783857
6.68499999999988 -0.006697530900466159 -0.006662412054724322
6.68999999999988 -0.006710417821703157 -0.006674789606693161
6.6949999999998795 -0.00672349909189839 -0.00668734315990329
6.699999999999879 -0.006736781786712665 -0.006700079026785589
6.704999999999879 -0.0067502732941004066 -0.006713003774068492
6.709999999999879 -0.006763981337970621 -0.006726124242136148
6.714999999999879 -0.006777914003612467 -0.0067394475658201945
6.719999999999879 -0.006792079765021604 -0.006752981196734466
6.724999999999879 -0.006806487514288159 -0.0067667329272709615
6.729999999999879 -0.006821146593195063 -0.006780710916386172
6.734999999999879 -0.006836066827208278 -0.006794923717318937
6.7399999999998785 -0.006851258562056639 -0.006809380307392681
6.744999999999878 -0.0068667327031037735 -0.006824090120067367
6.749999999999878 -0.006882500757736925 -0.006839063079420957
6.754999999999878 -0.006898574881004343 -0.006854309637255447
6.759999999999878 -0.006914967924764878 -0.006869840813037686
6.764999999999878 -0.006931693490630535 -0.00688566823690038
6.769999999999878 -0.006948765986958758 -0.006901804195945687
6.774999999999878 -0.0069662006902249185 -0.006918261684110729
6.779999999999878 -0.006984013811078917 -0.006935054455869055
6.784999999999878 -0.007002222565367428 -0.006952197084057409
6.7899999999998775 -0.007020845250488943 -0.006969705022129671
6.794999999999877 -0.007039901327324811 -0.006987594671147541
6.799999999999877 -0.007059411508047572 -0.007005883451821729
6.804999999999877 -0.007079397850009628 -0.007024589881912425
6.809999999999877 -0.007099883855861744 -0.0070437336592807966
6.814999999999877 -0.00712089457991388 -0.007063335750851069
6.819999999999877 -0.007142456740585603 -0.007083418487687935
6.824999999999877 -0.007164598838550739 -0.007104005666307568
6.829999999999877 -0.007187351279823126 -0.007125122656211258
6.8349999999998765 -0.007210746502550813 -0.007146796513444028
6.839999999999876 -0.007234819105609154 -0.007169056099714893
6.844999999999876 -0.007259605976186655 -0.007191932206241966
6.849999999999876 -0.007285146412237784 -0.0072154576809672615
6.854999999999876 -0.007311482234034817 -0.007239667557070112
6.859999999999876 -0.007338657876606124 -0.007264599179723765
6.864999999999876 -0.007366720451703955 -0.007290292326692784
6.869999999999876 -0.0073957197634956055 -0.007316789316527655
6.874999999999876 -0.007425708256222363 -0.0073441350955982055
6.8799999999998755 -0.007456740863835956 -0.00737237729177506
6.884999999999875 -0.007488874720430528 -0.007401566217882645
6.889999999999875 -0.007522168674916487 -0.007431754801646541
6.894999999999875 -0.0075566825323874305 -0.007462998410107082
6.899999999999875 -0.007592475915781646 -0.0074953545244995775
6.904999999999875 -0.007629606602098441 -0.007528882205213055
6.909999999999875 -0.00766812813367174 -0.0075636412639975585
6.914999999999875 -0.007708086432030128 -0.007599691029878208
6.919999999999875 -0.007749515043670992 -0.0076370885532751585
6.924999999999875 -0.007792428516583535 -0.007675886035698315
6.9299999999998745 -0.007836813236710738 -0.007716127195073735
6.934999999999874 -0.007882614840801454 -0.007757842173182357
6.939999999999874 -0.007929721071046308 -0.0078010404551577105
6.944999999999874 -0.007977938674076512 -0.007845701095651409
6.949999999999874 -0.008026962744031087 -0.007891759330644777
6.954999999999874 -0.008076336924636962 -0.007939088408350491
6.959999999999874 -0.008125403428406812 -0.007987475234204289
6.964999999999874 -0.008173243442771592 -0.008036588283822367
6.969999999999874 -0.00821861199497604 -0.008085936381002837
6.9749999999998735 -0.008259877716485684 -0.00813481770968345
6.979999999999873 -0.00829498771444692 -0.0081822603889188
6.984999999999873 -0.008321489529539039 -0.008226959849952675
6.989999999999873 -0.008336650290215361 -0.008267224832982624
6.994999999999873 -0.008337706341805778 -0.008300953019461084
6.999999999999873 -0.008322241931416287 -0.008325666966386383
7.004999999999873 -0.008288632255635626 -0.008338645358304869
7.009999999999873 -0.008236422084884799 -0.008337174565986484
7.014999999999873 -0.008166496853721117 -0.008318913381219923
7.019999999999873 -0.00808096947619973 -0.008282312476409879
7.0249999999998725 -0.007982821745552343 -0.008226980269432306
